1.00
1.14
0.98
0.89
1.22
1.22
1.07
1.16
1.37
1.32
1.36
1.64
1.78
1.85
2.11
2.42
2.60
2.79
2.94
3.08
3.13
3.16
3.22
3.18
3.20
3.42
3.63
3.77
3.91
4.03
4.12
4.13
4.21
4.22
4.20
4.31
4.50
4.84
5.22
5.71
6.24
6.84
7.45
8.09
8.59
8.89
8.98
8.90
8.67
8.33
7.90
7.40
6.89
6.40
5.94
5.51
5.13
4.79
4.51
4.28
4.12
4.00
3.92
3.86
3.81
3.78
3.74
3.69
3.65
3.61
3.56
3.52
3.47
3.42
3.37
3.33
3.28
3.23
3.19
3.14
3.09
3.05
3.00
2.96
2.91
2.87
2.83
2.79
2.75
2.71
2.67
2.63
2.59
2.56
2.52
2.49
2.46
2.43
2.40
2.37
2.34
2.31
2.29
2.26
2.24
2.22
2.19
2.17
2.15
2.13
2.11
2.10
2.08
2.06
2.05
2.03
2.02
2.00
1.99
1.97
1.96
1.95
1.93
1.92
1.91
1.89
1.88
1.87
1.86
1.84
1.83
1.82
1.81
1.80
1.80
1.79
1.79
1.79
1.79
1.80
1.82
1.85
1.89
1.94
2.00
2.05
2.10
2.14
2.17
2.18
2.18
2.17
2.16
2.14
2.14
2.17
2.23
2.33
2.45
2.59
2.73
2.87
2.99
3.10
3.18
3.23
3.27
3.28
3.27
3.25
3.21
3.18
3.14
3.10
3.06
3.03
2.99
2.96
2.93
2.90
2.87
2.85
2.82
2.79
2.77
2.75
2.72
2.70
2.68
2.66
2.64
2.62
2.60
2.58
2.56
2.54
2.52
2.51
2.49
1.00
1.60
1.93
2.13
2.26
2.35
2.39
2.42
2.42
2.41
2.38
2.35
2.30
2.25
2.19
2.13
2.06
1.99
1.92
1.85
1.78
1.71
1.64
1.57
1.50
1.44
1.37
1.32
1.26
1.22
1.17
1.13
1.10
1.06
1.03
1.01
0.99
0.97
0.95
0.94
0.93
0.92
0.91
0.90
0.90
0.89
0.89
0.89
0.89
0.89
0.89
0.89
0.90
0.90
0.91
0.92
0.92
0.93
0.94
0.95
0.96
0.97
0.98
0.99
1.01
1.02
1.03
1.04
1.05
1.06
1.07
1.08
1.09
1.09
1.10
1.10
1.10
1.10
1.10
1.09
1.09
1.09
1.10
1.10
1.11
1.12
1.13
1.14
1.14
1.14
1.14
1.13
1.11
1.08
1.04
0.99
0.93
0.87
0.80
0.73
0.65
0.57
0.49
0.41
0.34
0.26
0.19
0.13
0.08
0.04
0.01
0.00
0.01
0.04
0.10
0.17
0.26
0.37
0.50
0.63
0.77
0.91
1.04
1.17
1.28
1.38
1.47
1.54
1.59
1.62
1.64
1.65
1.64
1.62
1.60
1.56
1.52
1.48
1.43
1.39
1.34
1.30
1.25
1.21
1.18
1.15
1.12
1.09
1.07
1.04
1.03
1.01
1.00
0.98
0.97
0.96
0.96
0.95
0.95
0.94
0.94
0.94
0.93
0.94
0.94
0.94
0.94
0.95
0.95
0.96
0.97
0.98
0.99
1.00
1.01
1.02
1.03
1.04
1.05
1.07
1.08
1.09
1.10
1.11
1.12
1.13
1.13
1.13
1.14
1.14
1.14
1.14
1.14
1.14
1.14
1.15
1.16
1.17
1.18
1.00
1.59
1.91
2.11
2.23
2.31
2.37
2.40
2.41
2.41
2.40
2.38
2.35
2.32
2.27
2.23
2.17
2.12
2.06
1.99
1.93
1.87
1.80
1.74
1.68
1.62
1.56
1.51
1.47
1.42
1.38
1.34
1.31
1.27
1.24
1.21
1.18
1.15
1.13
1.10
1.07
1.05
1.02
1.00
0.98
0.96
0.94
0.93
0.91
0.89
0.88
0.87
0.85
0.84
0.83
0.82
0.82
0.81
0.82
0.82
0.83
0.84
0.85
0.87
0.89
0.91
0.93
0.95
0.98
1.00
1.03
1.06
1.09
1.12
1.15
1.18
1.21
1.25
1.28
1.31
1.35
1.38
1.41
1.43
1.45
1.47
1.48
1.48
1.47
1.46
1.44
1.41
1.37
1.31
1.25
1.18
1.11
1.02
0.93
0.84
0.74
0.64
0.54
0.44
0.35
0.27
0.19
0.12
0.07
0.03
0.01
0.00
0.01
0.03
0.08
0.13
0.21
0.29
0.38
0.49
0.60
0.71
0.82
0.93
1.04
1.13
1.22
1.30
1.37
1.42
1.46
1.49
1.50
1.51
1.51
1.50
1.49
1.47
1.45
1.42
1.40
1.38
1.35
1.33
1.31
1.28
1.26
1.23
1.21
1.18
1.16
1.13
1.10
1.08
1.06
1.03
1.01
0.99
0.97
0.95
0.93
0.91
0.90
0.88
0.87
0.85
0.84
0.83
0.82
0.82
0.82
0.82
0.82
0.83
0.84
0.86
0.87
0.89
0.91
0.93
0.96
0.98
1.01
1.04
1.07
1.10
1.13
1.17
1.20
1.24
1.28
1.32
1.36
1.39
1.43
1.46
1.49
1.51
1.52
1.00
1.59
1.91
2.11
2.24
2.32
2.37
2.40
2.42
2.42
2.42
2.40
2.38
2.34
2.31
2.26
2.22
2.17
2.11
2.06
2.00
1.94
1.88
1.82
1.76
1.70
1.64
1.58
1.53
1.47
1.42
1.36
1.31
1.26
1.22
1.17
1.13
1.09
1.05
1.02
0.99
0.96
0.94
0.92
0.90
0.89
0.88
0.88
0.87
0.87
0.87
0.87
0.88
0.89
0.89
0.90
0.92
0.93
0.95
0.96
0.98
1.00
1.01
1.03
1.05
1.06
1.07
1.08
1.09
1.09
1.10
1.11
1.11
1.12
1.13
1.14
1.15
1.17
1.18
1.20
1.22
1.24
1.26
1.27
1.28
1.29
1.29
1.29
1.28
1.27
1.25
1.22
1.18
1.14
1.09
1.03
0.97
0.90
0.82
0.74
0.66
0.57
0.48
0.40
0.32
0.24
0.17
0.12
0.07
0.03
0.01
0.00
0.01
0.03
0.07
0.13
0.20
0.28
0.37
0.48
0.58
0.70
0.81
0.92
1.03
1.13
1.22
1.31
1.38
1.44
1.50
1.54
1.56
1.58
1.59
1.59
1.58
1.57
1.54
1.52
1.48
1.45
1.41
1.37
1.33
1.29
1.25
1.21
1.17
1.13
1.09
1.06
1.02
1.00
0.97
0.95
0.93
0.92
0.91
0.90
0.89
0.89
0.89
0.89
0.89
0.90
0.91
0.92
0.93
0.94
0.95
0.97
0.99
1.00
1.02
1.03
1.05
1.06
1.07
1.08
1.09
1.10
1.11
1.11
1.12
1.13
1.14
1.15
1.17
1.18
1.20
1.22
1.25
1.27
1.29
1.31
1.33
1.34
1.34
1.00
1.58
1.90
2.10
2.23
2.31
2.36
2.39
2.41
2.41
2.40
2.39
2.37
2.34
2.31
2.28
2.25
2.21
2.17
2.13
2.09
2.04
2.00
1.95
1.90
1.86
1.81
1.75
1.70
1.66
1.61
1.56
1.51
1.47
1.43
1.39
1.36
1.32
1.29
1.26
1.24
1.22
1.20
1.18
1.16
1.15
1.13
1.12
1.11
1.11
1.10
1.09
1.09
1.08
1.08
1.07
1.07
1.06
1.06
1.05
1.04
1.03
1.02
1.02
1.01
1.00
0.99
0.99
0.98
0.98
0.98
0.99
0.99
1.00
1.02
1.03
1.05
1.08
1.10
1.12
1.15
1.17
1.20
1.22
1.23
1.24
1.25
1.24
1.23
1.22
1.19
1.16
1.12
1.07
1.02
0.96
0.89
0.82
0.74
0.67
0.59
0.51
0.43
0.36
0.29
0.22
0.16
0.11
0.06
0.03
0.01
0.00
0.01
0.03
0.06
0.10
0.16
0.23
0.30
0.39
0.48
0.57
0.66
0.76
0.85
0.94
1.02
1.10
1.17
1.24
1.30
1.36
1.40
1.44
1.47
1.49
1.51
1.51
1.51
1.51
1.50
1.48
1.47
1.45
1.42
1.40
1.38
1.35
1.33
1.30
1.28
1.26
1.24
1.22
1.21
1.19
1.18
1.17
1.16
1.15
1.14
1.13
1.12
1.12
1.12
1.11
1.11
1.10
1.10
1.09
1.08
1.08
1.07
1.06
1.05
1.05
1.04
1.03
1.02
1.02
1.01
1.01
1.01
1.02
1.03
1.04
1.05
1.07
1.09
1.11
1.14
1.16
1.19
1.22
1.24
1.26
1.28
1.29
1.30
1.00
1.57
1.89
2.09
2.22
2.30
2.36
2.39
2.41
2.41
2.40
2.39
2.36
2.33
2.29
2.25
2.21
2.16
2.10
2.05
1.99
1.92
1.86
1.79
1.72
1.66
1.60
1.53
1.47
1.42
1.37
1.32
1.28
1.25
1.22
1.20
1.19
1.18
1.18
1.19
1.20
1.21
1.23
1.24
1.26
1.28
1.30
1.31
1.32
1.34
1.35
1.35
1.36
1.36
1.36
1.35
1.34
1.33
1.31
1.29
1.26
1.24
1.21
1.19
1.16
1.13
1.11
1.09
1.08
1.06
1.06
1.06
1.06
1.07
1.08
1.10
1.12
1.14
1.17
1.20
1.23
1.25
1.28
1.30
1.31
1.32
1.33
1.33
1.32
1.30
1.28
1.24
1.20
1.15
1.09
1.03
0.96
0.88
0.80
0.72
0.63
0.54
0.46
0.38
0.30
0.23
0.16
0.11
0.06
0.03
0.01
0.00
0.01
0.03
0.07
0.11
0.17
0.25
0.33
0.41
0.51
0.60
0.70
0.79
0.88
0.97
1.05
1.13
1.19
1.24
1.29
1.32
1.34
1.36
1.36
1.36
1.34
1.32
1.30
1.27
1.24
1.21
1.18
1.16
1.13
1.11
1.10
1.09
1.08
1.09
1.09
1.10
1.12
1.14
1.16
1.18
1.20
1.23
1.25
1.27
1.29
1.30
1.32
1.33
1.34
1.34
1.35
1.34
1.34
1.33
1.31
1.29
1.27
1.25
1.22
1.20
1.17
1.14
1.12
1.10
1.09
1.08
1.07
1.07
1.07
1.08
1.10
1.12
1.14
1.17
1.20
1.23
1.26
1.29
1.32
1.35
1.37
1.38
1.39
1.00
1.57
1.89
2.09
2.22
2.31
2.37
2.40
2.42
2.43
2.43
2.41
2.39
2.36
2.32
2.28
2.23
2.18
2.12
2.06
2.00
1.93
1.87
1.81
1.74
1.68
1.62
1.56
1.51
1.46
1.41
1.37
1.34
1.31
1.29
1.27
1.26
1.25
1.25
1.26
1.27
1.29
1.31
1.33
1.35
1.38
1.40
1.42
1.44
1.45
1.47
1.47
1.47
1.47
1.46
1.45
1.43
1.40
1.37
1.34
1.30
1.26
1.22
1.18
1.13
1.09
1.05
1.01
0.98
0.95
0.92
0.90
0.89
0.88
0.88
0.88
0.89
0.90
0.92
0.94
0.97
0.99
1.02
1.04
1.07
1.09
1.11
1.13
1.14
1.14
1.14
1.12
1.10
1.07
1.02
0.97
0.91
0.84
0.77
0.69
0.61
0.53
0.45
0.37
0.29
0.22
0.16
0.11
0.06
0.03
0.01
0.00
0.01
0.03
0.06
0.11
0.16
0.23
0.31
0.40
0.49
0.59
0.68
0.78
0.88
0.97
1.05
1.13
1.19
1.25
1.30
1.33
1.36
1.37
1.38
1.37
1.37
1.35
1.33
1.31
1.28
1.26
1.24
1.21
1.19
1.18
1.16
1.16
1.15
1.15
1.16
1.18
1.19
1.21
1.24
1.27
1.30
1.33
1.36
1.39
1.42
1.44
1.46
1.48
1.49
1.50
1.50
1.49
1.48
1.46
1.43
1.40
1.37
1.33
1.29
1.24
1.20
1.15
1.11
1.07
1.03
1.00
0.97
0.95
0.94
0.93
0.92
0.93
0.93
0.95
0.97
0.99
1.01
1.04
1.07
1.09
1.12
1.15
1.17

