1.00
0.95
1.11
1.00
1.11
1.07
1.15
1.00
1.15
1.12
1.22
1.16
1.12
1.17
1.23
1.28
1.15
1.22
1.20
1.32
1.23
1.29
1.39
1.45
1.30
1.40
1.34
1.48
1.42
1.46
1.45
1.40
1.46
1.67
2.14
3.47
3.57
3.19
2.99
2.60
2.43
2.41
2.39
2.39
2.48
2.36
2.22
2.29
2.29
2.18
2.18
2.17
2.18
2.10
2.05
2.06
2.06
2.08
2.01
1.87
1.93
2.14
2.28
2.14
2.10
2.06
2.08
2.04
2.13
2.43
3.60
4.48
4.48
5.11
6.56
7.99
7.63
8.31
16.65
23.04
23.89
20.63
17.19
14.70
12.86
11.57
10.49
9.48
8.63
7.95
7.41
6.96
6.55
6.19
5.87
5.57
5.31
5.08
4.87
4.67
4.59
4.98
5.73
6.30
6.15
5.97
6.11
6.11
5.89
5.67
5.48
5.28
5.10
4.92
4.74
4.58
4.45
4.34
4.24
4.14
4.04
3.93
3.84
3.77
3.69
3.62
3.56
3.55
3.75
4.09
4.34
4.28
4.24
4.34
4.39
4.32
4.24
4.16
4.07
4.01
3.93
3.85
3.77
3.70
3.64
3.58
3.52
3.46
3.41
3.36
3.31
3.26
3.22
3.17
3.15
3.23
3.38
3.48
3.44
3.46
3.57
3.63
3.61
3.56
3.52
3.48
3.45
3.41
3.36
3.31
3.27
3.23
3.19
3.15
3.11
3.08
3.05
3.02
2.99
2.96
2.92
2.90
2.95
3.03
3.09
3.05
3.08
3.17
3.22
3.21
3.19
3.16
3.13
3.11
3.09
3.06
3.02
3.00
2.97
1.00
1.54
1.68
1.61
1.43
1.24
1.12
1.08
1.10
1.10
1.05
0.96
0.89
0.90
1.00
1.08
1.10
1.05
1.00
1.02
1.13
1.25
1.25
1.03
0.61
0.18
0.00
0.24
0.74
1.20
1.41
1.38
1.24
1.13
1.10
1.13
1.14
1.09
0.99
0.91
0.92
1.01
1.10
1.12
1.08
1.03
1.05
1.16
1.28
1.28
1.04
0.61
0.17
0.01
0.26
0.76
1.21
1.42
1.38
1.24
1.13
1.10
1.13
1.15
1.10
0.99
0.91
0.92
1.01
1.10
1.12
1.08
1.04
1.05
1.16
1.28
1.27
1.03
0.58
0.15
0.01
0.28
0.79
1.24
1.43
1.39
1.24
1.12
1.10
1.13
1.15
1.10
1.00
0.91
0.92
1.01
1.10
1.12
1.08
1.04
1.06
1.15
1.27
1.26
1.00
0.56
0.14
0.02
0.30
0.82
1.26
1.45
1.40
1.25
1.12
1.09
1.13
1.15
1.10
1.00
0.91
0.92
1.01
1.09
1.12
1.08
1.04
1.05
1.15
1.26
1.24
0.98
0.53
0.13
0.03
0.33
0.85
1.29
1.47
1.41
1.25
1.12
1.09
1.12
1.15
1.10
0.99
0.91
0.91
1.00
1.09
1.11
1.08
1.04
1.05
1.14
1.24
1.22
0.95
0.51
0.11
0.04
0.36
0.88
1.32
1.49
1.42
1.25
1.11
1.08
1.12
1.15
1.10
0.99
0.91
0.91
1.00
1.08
1.11
1.08
1.04
1.05
1.13
1.23
1.20
0.93
0.49
0.11
0.05
0.39
0.92
1.35
1.51
1.43
1.25
1.11
1.07
1.12
1.15
1.00
1.54
1.71
1.65
1.47
1.27
1.14
1.12
1.17
1.20
1.15
1.06
0.97
0.96
1.01
1.09
1.14
1.12
1.07
1.06
1.13
1.20
1.17
0.94
0.55
0.16
0.00
0.21
0.67
1.12
1.36
1.34
1.21
1.10
1.10
1.17
1.22
1.19
1.10
1.00
0.98
1.04
1.12
1.17
1.15
1.10
1.09
1.16
1.24
1.20
0.95
0.54
0.15
0.01
0.23
0.68
1.13
1.36
1.34
1.20
1.10
1.10
1.17
1.22
1.19
1.10
1.00
0.97
1.03
1.11
1.17
1.15
1.10
1.09
1.15
1.23
1.18
0.93
0.52
0.13
0.01
0.25
0.71
1.15
1.37
1.35
1.21
1.10
1.10
1.17
1.22
1.20
1.10
1.00
0.97
1.03
1.11
1.17
1.16
1.11
1.09
1.15
1.21
1.16
0.90
0.49
0.12
0.02
0.27
0.74
1.18
1.39
1.36
1.22
1.10
1.10
1.17
1.23
1.20
1.10
1.00
0.97
1.02
1.11
1.17
1.15
1.10
1.08
1.13
1.20
1.14
0.88
0.47
0.11
0.03
0.30
0.77
1.21
1.41
1.37
1.22
1.10
1.10
1.17
1.23
1.20
1.10
1.00
0.96
1.02
1.11
1.17
1.16
1.10
1.08
1.12
1.18
1.11
0.85
0.45
0.10
0.04
0.32
0.80
1.23
1.43
1.38
1.22
1.10
1.10
1.17
1.22
1.20
1.10
0.99
0.96
1.01
1.10
1.16
1.15
1.10
1.07
1.11
1.16
1.09
0.82
0.42
0.10
0.05
0.35
0.83
1.26
1.45
1.39
1.22
1.10
1.09
1.17
1.22
1.00
1.55
1.72
1.68
1.54
1.37
1.25
1.22
1.25
1.26
1.22
1.14
1.07
1.06
1.11
1.16
1.17
1.14
1.09
1.07
1.09
1.11
1.04
0.81
0.47
0.14
0.00
0.18
0.59
1.00
1.25
1.30
1.23
1.17
1.17
1.22
1.26
1.24
1.17
1.10
1.09
1.14
1.20
1.22
1.18
1.13
1.11
1.12
1.14
1.06
0.82
0.46
0.12
0.01
0.20
0.60
1.01
1.25
1.29
1.23
1.16
1.17
1.22
1.26
1.24
1.17
1.10
1.09
1.13
1.19
1.22
1.19
1.14
1.11
1.12
1.13
1.05
0.80
0.44
0.11
0.01
0.22
0.63
1.03
1.26
1.30
1.22
1.15
1.16
1.22
1.26
1.24
1.17
1.10
1.09
1.13
1.19
1.21
1.18
1.13
1.10
1.11
1.12
1.03
0.78
0.41
0.10
0.02
0.24
0.66
1.06
1.29
1.32
1.23
1.16
1.16
1.22
1.26
1.24
1.17
1.10
1.08
1.12
1.18
1.21
1.18
1.12
1.08
1.09
1.09
1.00
0.75
0.39
0.09
0.03
0.27
0.69
1.09
1.31
1.33
1.24
1.16
1.16
1.22
1.26
1.24
1.17
1.09
1.07
1.12
1.17
1.20
1.17
1.11
1.07
1.07
1.07
0.97
0.72
0.37
0.09
0.04
0.30
0.73
1.12
1.33
1.34
1.24
1.16
1.16
1.22
1.26
1.24
1.16
1.08
1.06
1.10
1.16
1.19
1.16
1.10
1.06
1.06
1.05
0.95
0.70
0.35
0.08
0.06
0.33
0.76
1.15
1.35
1.35
1.24
1.16
1.15
1.21
1.25

