1.00
1.10
0.92
1.06
1.18
1.02
1.02
1.02
1.13
1.21
1.09
1.07
1.22
1.27
1.16
1.33
1.29
1.28
1.34
1.15
1.23
1.25
1.14
1.23
1.29
1.22
1.15
1.06
1.02
1.17
1.15
1.00
1.07
1.10
0.87
0.99
1.01
1.03
1.04
1.01
1.04
1.06
0.99
1.12
1.18
1.16
1.16
1.24
1.13
1.19
1.29
1.16
1.25
1.30
1.19
1.21
1.27
1.25
1.27
1.18
1.17
1.25
1.26
1.17
1.19
1.33
1.32
1.35
1.53
1.45
1.53
1.59
1.68
1.73
1.82
1.96
2.03
2.12
2.45
2.56
2.70
2.96
3.37
3.63
4.11
4.80
5.32
5.90
6.51
7.21
7.87
8.63
9.51
10.53
11.27
11.94
12.34
12.71
13.02
13.38
13.77
14.04
14.22
14.34
14.23
14.12
14.12
14.10
13.91
13.62
13.19
12.57
11.87
11.07
10.25
9.49
8.90
8.48
8.19
7.98
7.83
7.67
7.53
7.40
7.28
7.14
7.02
6.89
6.76
6.64
6.52
6.40
6.29
6.19
6.11
6.03
5.96
5.90
5.84
5.80
5.76
5.72
5.67
5.63
5.57
5.51
5.45
5.38
5.31
5.23
5.16
5.09
5.01
4.94
4.86
4.79
4.71
4.64
4.57
4.50
4.43
4.37
4.31
4.25
4.19
4.13
4.07
4.02
3.96
3.91
3.86
3.81
3.76
3.71
3.66
3.61
3.56
3.52
3.48
3.44
3.40
3.36
3.32
3.28
3.25
3.21
3.18
3.14
3.11
3.09
3.08
3.10
3.15
3.24
3.35
3.47
3.55
3.61
3.63
1.00
1.58
1.89
2.06
2.14
2.18
2.18
2.15
2.10
2.04
1.97
1.90
1.82
1.75
1.68
1.61
1.55
1.50
1.45
1.40
1.36
1.32
1.29
1.27
1.25
1.23
1.22
1.21
1.20
1.19
1.18
1.18
1.18
1.18
1.20
1.21
1.24
1.26
1.28
1.30
1.31
1.31
1.30
1.29
1.28
1.26
1.24
1.22
1.21
1.21
1.20
1.21
1.21
1.22
1.23
1.24
1.26
1.26
1.27
1.27
1.27
1.26
1.26
1.25
1.25
1.25
1.24
1.22
1.19
1.15
1.10
1.03
0.94
0.84
0.72
0.60
0.47
0.34
0.22
0.12
0.05
0.01
0.01
0.04
0.11
0.21
0.33
0.46
0.60
0.73
0.85
0.95
1.03
1.09
1.14
1.17
1.19
1.19
1.19
1.19
1.18
1.17
1.15
1.13
1.12
1.10
1.10
1.09
1.09
1.09
1.08
1.08
1.08
1.08
1.08
1.09
1.11
1.13
1.15
1.18
1.21
1.23
1.25
1.26
1.27
1.27
1.26
1.24
1.23
1.21
1.20
1.19
1.19
1.19
1.20
1.21
1.23
1.24
1.26
1.27
1.28
1.28
1.29
1.29
1.28
1.28
1.28
1.28
1.28
1.27
1.26
1.23
1.19
1.13
1.05
0.95
0.84
0.71
0.58
0.44
0.31
0.19
0.10
0.04
0.01
0.02
0.07
0.15
0.25
0.37
0.50
0.63
0.76
0.86
0.95
1.03
1.08
1.12
1.15
1.16
1.17
1.17
1.16
1.15
1.14
1.12
1.10
1.09
1.08
1.07
1.07
1.07
1.07
1.07
1.06
1.06
1.06
1.07
1.08
1.00
1.57
1.89
2.06
2.16
2.21
2.23
2.22
2.19
2.14
2.08
2.02
1.95
1.88
1.80
1.73
1.67
1.60
1.55
1.50
1.45
1.41
1.37
1.34
1.31
1.28
1.26
1.25
1.24
1.24
1.24
1.25
1.27
1.28
1.30
1.32
1.34
1.36
1.37
1.37
1.37
1.37
1.36
1.34
1.32
1.29
1.27
1.24
1.22
1.20
1.19
1.17
1.16
1.15
1.14
1.13
1.13
1.13
1.13
1.14
1.15
1.17
1.18
1.19
1.20
1.19
1.18
1.16
1.12
1.07
1.01
0.93
0.84
0.74
0.63
0.52
0.40
0.29
0.19
0.11
0.05
0.01
0.01
0.03
0.09
0.17
0.27
0.39
0.51
0.64
0.76
0.87
0.97
1.05
1.12
1.17
1.20
1.22
1.22
1.22
1.22
1.21
1.20
1.18
1.17
1.16
1.14
1.13
1.12
1.11
1.11
1.11
1.12
1.13
1.15
1.17
1.19
1.22
1.25
1.28
1.30
1.32
1.34
1.35
1.35
1.34
1.33
1.31
1.30
1.27
1.26
1.24
1.22
1.20
1.19
1.18
1.16
1.15
1.15
1.15
1.15
1.15
1.17
1.18
1.20
1.21
1.22
1.23
1.22
1.21
1.18
1.14
1.09
1.02
0.94
0.84
0.73
0.62
0.50
0.38
0.27
0.17
0.09
0.03
0.01
0.01
0.05
0.11
0.19
0.30
0.41
0.53
0.65
0.76
0.87
0.96
1.03
1.09
1.14
1.17
1.18
1.19
1.19
1.19
1.18
1.17
1.16
1.15
1.14
1.13
1.12
1.11
1.11
1.11
1.11
1.13
1.14
1.17
1.19
1.00
1.56
1.88
2.07
2.18
2.24
2.26
2.27
2.25
2.22
2.17
2.11
2.05
1.99
1.92
1.85
1.79
1.73
1.67
1.62
1.57
1.53
1.49
1.46
1.44
1.42
1.40
1.39
1.38
1.38
1.38
1.39
1.39
1.40
1.41
1.43
1.44
1.45
1.46
1.47
1.47
1.47
1.46
1.44
1.42
1.40
1.37
1.34
1.31
1.29
1.27
1.25
1.23
1.22
1.21
1.20
1.19
1.18
1.17
1.16
1.15
1.14
1.13
1.11
1.09
1.06
1.03
0.99
0.95
0.89
0.83
0.75
0.67
0.58
0.48
0.39
0.30
0.21
0.13
0.07
0.03
0.01
0.01
0.04
0.09
0.16
0.25
0.35
0.46
0.57
0.68
0.79
0.89
0.97
1.04
1.10
1.14
1.17
1.18
1.19
1.20
1.19
1.19
1.19
1.18
1.18
1.18
1.18
1.19
1.20
1.21
1.22
1.24
1.26
1.28
1.31
1.33
1.36
1.39
1.42
1.45
1.47
1.49
1.49
1.50
1.49
1.48
1.46
1.43
1.40
1.37
1.34
1.31
1.28
1.26
1.24
1.23
1.22
1.21
1.21
1.21
1.21
1.21
1.21
1.20
1.20
1.19
1.17
1.15
1.12
1.07
1.02
0.96
0.88
0.80
0.70
0.60
0.49
0.39
0.29
0.20
0.13
0.07
0.03
0.02
0.02
0.06
0.11
0.18
0.27
0.37
0.47
0.58
0.68
0.78
0.86
0.94
1.00
1.04
1.08
1.10
1.12
1.13
1.13
1.13
1.13
1.13
1.13
1.13
1.14
1.15
1.16
1.18
1.20
1.22
1.24
1.27
1.30
1.33

