1.00
1.16
1.15
1.28
1.50
1.56
1.57
1.66
1.83
1.89
1.93
2.06
2.19
2.25
2.29
2.37
2.40
2.40
2.42
2.45
2.46
2.45
2.46
2.49
2.53
2.58
2.68
2.73
2.77
2.84
2.92
3.04
3.22
3.37
3.59
3.80
4.06
4.32
4.49
4.61
4.72
4.81
4.87
4.93
5.00
5.04
5.04
5.03
5.02
4.96
4.84
4.67
4.48
4.27
4.07
3.90
3.78
3.72
3.71
3.73
3.78
3.83
3.87
3.89
3.89
3.88
3.85
3.82
3.79
3.74
3.69
3.63
3.58
3.52
3.47
3.41
3.36
3.30
3.25
3.20
3.15
3.10
3.05
3.01
2.96
2.92
2.87
2.84
2.80
2.76
2.72
2.68
2.65
2.61
2.58
2.54
2.51
2.48
2.45
2.43
2.40
2.37
2.35
2.33
2.30
2.28
2.26
2.24
2.22
2.20
2.19
2.17
2.14
2.12
2.10
2.08
2.06
2.04
2.03
2.01
1.99
1.98
1.96
1.95
1.94
1.93
1.92
1.92
1.91
1.91
1.91
1.91
1.91
1.92
1.92
1.93
1.94
1.95
1.97
1.99
2.00
2.01
2.01
2.01
2.00
1.99
1.97
1.95
1.94
1.00
1.59
1.91
2.10
2.22
2.29
2.33
2.34
2.34
2.33
2.30
2.26
2.22
2.17
2.11
2.05
1.99
1.93
1.86
1.80
1.73
1.67
1.61
1.56
1.50
1.45
1.41
1.37
1.33
1.30
1.27
1.25
1.23
1.21
1.20
1.19
1.18
1.17
1.16
1.16
1.16
1.16
1.17
1.18
1.19
1.21
1.23
1.25
1.27
1.28
1.30
1.31
1.33
1.33
1.34
1.34
1.34
1.34
1.34
1.33
1.32
1.31
1.30
1.28
1.26
1.25
1.23
1.22
1.20
1.19
1.19
1.18
1.18
1.18
1.18
1.18
1.18
1.18
1.18
1.18
1.18
1.18
1.17
1.17
1.17
1.17
1.16
1.15
1.13
1.11
1.09
1.05
1.01
0.95
0.89
0.82
0.74
0.66
0.57
0.48
0.39
0.31
0.23
0.15
0.09
0.05
0.02
0.00
0.01
0.03
0.07
0.13
0.20
0.29
0.39
0.49
0.59
0.70
0.80
0.89
0.98
1.05
1.12
1.17
1.21
1.24
1.26
1.27
1.27
1.27
1.26
1.24
1.23
1.21
1.19
1.17
1.15
1.14
1.12
1.11
1.10
1.09
1.09
1.08
1.08
1.07
1.07
1.07
1.07
1.00
1.58
1.90
2.09
2.21
2.29
2.33
2.35
2.35
2.34
2.32
2.29
2.25
2.21
2.15
2.09
2.03
1.96
1.89
1.82
1.75
1.68
1.61
1.55
1.49
1.43
1.38
1.33
1.29
1.26
1.23
1.21
1.20
1.19
1.18
1.19
1.19
1.20
1.21
1.23
1.24
1.26
1.28
1.29
1.30
1.31
1.32
1.32
1.32
1.31
1.30
1.29
1.27
1.26
1.24
1.22
1.20
1.18
1.16
1.14
1.12
1.10
1.08
1.06
1.05
1.03
1.01
1.00
0.99
0.98
0.97
0.96
0.96
0.95
0.96
0.96
0.97
0.98
0.99
1.00
1.02
1.03
1.05
1.06
1.08
1.09
1.09
1.09
1.09
1.07
1.05
1.02
0.99
0.94
0.88
0.82
0.74
0.66
0.58
0.49
0.40
0.31
0.23
0.16
0.10
0.05
0.02
0.00
0.01
0.03
0.08
0.14
0.22
0.31
0.41
0.52
0.63
0.75
0.86
0.96
1.06
1.15
1.22
1.28
1.33
1.36
1.38
1.38
1.38
1.36
1.34
1.32
1.29
1.26
1.23
1.20
1.18
1.16
1.14
1.13
1.12
1.12
1.12
1.12
1.13
1.15
1.17
1.19
1.21
1.00
1.57
1.89
2.09
2.21
2.29
2.33
2.35
2.36
2.35
2.33
2.31
2.27
2.22
2.17
2.11
2.05
1.99
1.92
1.86
1.79
1.73
1.67
1.61
1.56
1.51
1.47
1.43
1.40
1.38
1.36
1.35
1.34
1.34
1.34
1.34
1.35
1.36
1.37
1.38
1.40
1.41
1.42
1.43
1.44
1.45
1.46
1.46
1.46
1.45
1.45
1.44
1.42
1.41
1.39
1.36
1.34
1.31
1.29
1.26
1.23
1.20
1.16
1.13
1.10
1.07
1.04
1.01
0.98
0.96
0.94
0.92
0.91
0.91
0.91
0.92
0.94
0.96
0.98
1.01
1.04
1.08
1.11
1.14
1.16
1.18
1.19
1.19
1.18
1.16
1.13
1.09
1.04
0.98
0.91
0.83
0.74
0.65
0.56
0.47
0.38
0.29
0.21
0.14
0.09
0.04
0.01
0.00
0.01
0.03
0.06
0.12
0.18
0.26
0.35
0.44
0.54
0.64
0.74
0.84
0.92
1.00
1.07
1.13
1.18
1.21
1.24
1.25
1.26
1.25
1.25
1.24
1.22
1.21
1.19
1.18
1.17
1.17
1.16
1.16
1.17
1.17
1.18
1.20
1.21
1.23
1.25
1.27
1.29
1.00
1.57
1.89
2.08
2.21
2.29
2.34
2.37
2.38
2.37
2.36
2.34
2.31
2.27
2.23
2.19
2.14
2.09
2.03
1.98
1.93
1.88
1.82
1.77
1.73
1.68
1.64
1.61
1.58
1.55
1.52
1.51
1.49
1.48
1.47
1.46
1.46
1.46
1.46
1.46
1.46
1.46
1.47
1.47
1.48
1.48
1.49
1.49
1.49
1.49
1.48
1.48
1.47
1.46
1.45
1.44
1.42
1.41
1.39
1.37
1.35
1.33
1.31
1.29
1.27
1.25
1.23
1.21
1.19
1.17
1.15
1.14
1.12
1.11
1.10
1.09
1.08
1.07
1.06
1.05
1.04
1.03
1.02
1.01
1.00
0.98
0.97
0.95
0.93
0.90
0.87
0.83
0.79
0.74
0.68
0.62
0.56
0.49
0.43
0.36
0.29
0.23
0.17
0.11
0.07
0.04
0.01
0.00
0.01
0.02
0.05
0.10
0.15
0.22
0.29
0.37
0.45
0.54
0.63
0.71
0.79
0.87
0.94
1.00
1.06
1.10
1.14
1.17
1.20
1.21
1.22
1.23
1.24
1.24
1.24
1.24
1.24
1.24
1.24
1.24
1.25
1.25
1.26
1.27
1.28
1.29
1.31
1.32
1.33
1.00
1.56
1.88
2.08
2.21
2.29
2.34
2.36
2.37
2.37
2.35
2.33
2.29
2.25
2.20
2.15
2.09
2.02
1.96
1.89
1.82
1.75
1.69
1.62
1.56
1.50
1.45
1.41
1.37
1.33
1.31
1.29
1.28
1.27
1.27
1.28
1.29
1.31
1.33
1.36
1.38
1.41
1.43
1.46
1.48
1.50
1.52
1.53
1.53
1.53
1.53
1.53
1.52
1.51
1.49
1.48
1.46
1.44
1.42
1.40
1.38
1.36
1.34
1.32
1.30
1.28
1.26
1.24
1.22
1.21
1.19
1.18
1.17
1.16
1.15
1.15
1.14
1.14
1.14
1.14
1.13
1.13
1.13
1.12
1.11
1.10
1.09
1.07
1.04
1.01
0.97
0.93
0.88
0.82
0.76
0.69
0.62
0.55
0.47
0.39
0.32
0.25
0.18
0.12
0.08
0.04
0.01
0.00
0.01
0.03
0.06
0.11
0.17
0.24
0.32
0.41
0.51
0.60
0.70
0.79
0.87
0.95
1.02
1.08
1.12
1.16
1.18
1.20
1.21
1.20
1.19
1.18
1.16
1.14
1.12
1.10
1.08
1.07
1.06
1.05
1.05
1.05
1.06
1.07
1.09
1.12
1.14
1.17
1.20
1.00
1.55
1.87
2.07
2.20
2.28
2.33
2.36
2.38
2.38
2.36
2.34
2.31
2.27
2.23
2.19
2.14
2.08
2.03
1.97
1.92
1.86
1.81
1.76
1.72
1.67
1.64
1.61
1.58
1.56
1.54
1.53
1.53
1.52
1.52
1.53
1.53
1.54
1.54
1.55
1.56
1.56
1.57
1.57
1.57
1.57
1.57
1.57
1.56
1.55
1.55
1.53
1.52
1.50
1.49
1.46
1.44
1.42
1.39
1.36
1.33
1.30
1.26
1.23
1.20
1.17
1.13
1.10
1.08
1.05
1.02
1.00
0.99
0.97
0.96
0.95
0.95
0.95
0.96
0.97
0.98
0.99
1.00
1.00
1.01
1.01
1.01
1.00
0.99
0.97
0.94
0.90
0.85
0.80
0.74
0.68
0.61
0.53
0.46
0.38
0.31
0.24
0.18
0.12
0.08
0.04
0.02
0.00
0.01
0.02
0.05
0.09
0.14
0.20
0.27
0.35
0.43
0.52
0.60
0.68
0.76
0.84
0.91
0.97
1.02
1.07
1.11
1.14
1.16
1.18
1.19
1.20
1.20
1.20
1.20
1.21
1.21
1.22
1.22
1.23
1.25
1.26
1.28
1.30
1.32
1.34
1.36
1.39
1.41
1.00
1.53
1.86
2.06
2.20
2.29
2.34
2.37
2.39
2.39
2.38
2.36
2.34
2.31
2.27
2.23
2.19
2.15
2.10
2.06
2.01
1.97
1.92
1.88
1.84
1.81
1.77
1.74
1.71
1.68
1.66
1.64
1.62
1.61
1.60
1.59
1.59
1.58
1.58
1.58
1.58
1.58
1.58
1.58
1.57
1.56
1.55
1.54
1.52
1.50
1.48
1.46
1.44
1.41
1.38
1.35
1.33
1.30
1.27
1.24
1.21
1.18
1.16
1.13
1.11
1.09
1.07
1.05
1.04
1.03
1.02
1.01
1.00
1.00
1.00
1.00
1.00
1.01
1.01
1.01
1.02
1.02
1.02
1.02
1.01
1.00
0.98
0.96
0.94
0.90
0.86
0.82
0.77
0.71
0.65
0.59
0.53
0.46
0.39
0.33
0.26
0.20
0.15
0.10
0.06
0.03
0.01
0.01
0.01
0.02
0.05
0.09
0.14
0.20
0.26
0.34
0.42
0.50
0.58
0.66
0.74
0.82
0.89
0.95
1.01
1.07
1.11
1.16
1.19
1.22
1.24
1.26
1.28
1.30
1.31
1.32
1.33
1.33
1.34
1.35
1.36
1.37
1.39
1.40
1.42
1.44
1.46
1.47
1.49

