1.00
1.20
1.27
1.46
1.68
1.87
1.88
1.97
2.13
2.16
2.28
2.43
2.56
2.66
2.68
2.75
2.83
3.00
3.17
3.40
3.67
3.96
4.10
4.19
4.20
4.17
4.12
4.10
4.06
4.07
4.15
4.28
4.49
4.76
5.00
5.26
5.52
5.80
6.09
6.34
6.43
6.41
6.33
6.15
5.87
5.53
5.17
4.80
4.47
4.20
3.97
3.81
3.71
3.64
3.60
3.57
3.55
3.52
3.49
3.45
3.41
3.37
3.33
3.28
3.24
3.19
3.15
3.10
3.06
3.01
2.97
2.92
2.88
2.84
2.80
2.76
2.72
2.68
2.64
2.60
2.56
2.52
2.49
2.45
2.42
2.39
2.36
2.33
2.31
2.28
2.26
2.24
2.22
2.20
2.18
2.16
2.14
2.11
2.09
2.07
2.05
2.03
2.01
1.99
1.97
1.95
1.93
1.92
1.90
1.88
1.87
1.85
1.84
1.82
1.81
1.80
1.79
1.78
1.77
1.77
1.76
1.76
1.75
1.75
1.74
1.73
1.73
1.72
1.72
1.71
1.71
1.70
1.70
1.71
1.72
1.74
1.76
1.79
1.82
1.86
1.89
1.91
1.92
1.91
1.90
1.89
1.89
1.93
2.00
2.09
2.21
2.33
2.45
2.54
2.61
2.66
2.67
2.68
2.66
2.64
2.62
2.59
2.57
2.54
2.52
2.50
2.48
2.46
2.44
2.42
2.40
2.38
2.36
2.34
2.33
2.31
2.30
2.29
2.27
2.26
2.25
2.23
2.22
2.21
2.19
2.18
2.16
2.15
2.13
2.12
2.10
2.09
2.07
2.06
2.05
2.03
2.02
2.01
2.00
1.99
1.98
1.97
1.96
1.95
1.94
1.93
1.92
1.91
1.89
1.88
1.87
1.85
1.83
1.81
1.78
1.76
1.73
1.69
1.65
1.60
1.55
1.50
1.46
1.41
1.38
1.36
1.34
1.34
1.34
1.00
1.59
1.91
2.09
2.20
2.26
2.28
2.28
2.26
2.23
2.18
2.12
2.05
1.97
1.89
1.81
1.72
1.64
1.56
1.48
1.40
1.34
1.27
1.22
1.17
1.13
1.10
1.07
1.05
1.03
1.02
1.01
1.00
1.00
0.99
0.99
0.98
0.98
0.98
0.97
0.97
0.97
0.96
0.96
0.96
0.96
0.96
0.96
0.96
0.96
0.97
0.98
0.98
0.99
0.99
0.99
0.99
0.98
0.97
0.96
0.95
0.93
0.92
0.92
0.91
0.91
0.91
0.92
0.92
0.92
0.93
0.93
0.92
0.92
0.92
0.91
0.90
0.90
0.89
0.89
0.89
0.89
0.90
0.92
0.94
0.96
0.99
1.02
1.05
1.08
1.11
1.13
1.14
1.14
1.12
1.09
1.04
0.96
0.87
0.76
0.64
0.52
0.39
0.27
0.16
0.08
0.02
0.00
0.01
0.06
0.14
0.25
0.39
0.54
0.70
0.87
1.03
1.17
1.30
1.41
1.49
1.55
1.59
1.60
1.59
1.57
1.54
1.49
1.44
1.39
1.34
1.30
1.25
1.21
1.18
1.15
1.13
1.11
1.10
1.09
1.08
1.07
1.07
1.06
1.06
1.05
1.05
1.04
1.04
1.04
1.03
1.03
1.02
1.02
1.02
1.02
1.02
1.02
1.03
1.03
1.04
1.05
1.05
1.05
1.04
1.04
1.02
1.01
0.99
0.97
0.96
0.95
0.94
0.94
0.94
0.94
0.95
0.95
0.96
0.96
0.95
0.95
0.95
0.94
0.93
0.92
0.91
0.91
0.91
0.91
0.92
0.93
0.95
0.98
1.01
1.04
1.07
1.11
1.14
1.16
1.18
1.18
1.17
1.14
1.08
1.01
0.92
0.81
0.68
0.55
0.42
0.29
0.18
0.09
0.03
0.00
0.01
0.05
0.12
0.22
0.35
0.50
0.65
0.81
0.96
1.11
1.24
1.35
1.43
1.00
1.59
1.90
2.09
2.19
2.24
2.26
2.26
2.23
2.19
2.14
2.08
2.01
1.93
1.85
1.77
1.69
1.62
1.54
1.47
1.41
1.35
1.30
1.25
1.21
1.18
1.15
1.13
1.12
1.11
1.11
1.12
1.13
1.14
1.16
1.18
1.19
1.20
1.21
1.21
1.22
1.22
1.22
1.22
1.23
1.23
1.24
1.24
1.25
1.25
1.25
1.25
1.24
1.24
1.23
1.21
1.20
1.19
1.17
1.16
1.14
1.13
1.11
1.10
1.09
1.07
1.05
1.03
1.01
0.98
0.96
0.93
0.90
0.87
0.85
0.83
0.82
0.82
0.83
0.85
0.88
0.93
0.98
1.04
1.10
1.17
1.24
1.29
1.34
1.38
1.40
1.40
1.38
1.33
1.27
1.19
1.10
0.99
0.86
0.74
0.61
0.48
0.36
0.24
0.15
0.07
0.02
0.00
0.01
0.05
0.11
0.20
0.31
0.44
0.57
0.70
0.82
0.94
1.04
1.13
1.19
1.24
1.26
1.28
1.27
1.26
1.24
1.21
1.18
1.15
1.12
1.10
1.07
1.05
1.03
1.02
1.01
1.01
1.01
1.02
1.04
1.05
1.07
1.09
1.11
1.13
1.14
1.15
1.16
1.17
1.18
1.19
1.19
1.20
1.21
1.22
1.23
1.24
1.25
1.25
1.25
1.25
1.24
1.23
1.22
1.21
1.19
1.18
1.17
1.16
1.14
1.13
1.12
1.10
1.08
1.06
1.04
1.01
0.98
0.95
0.91
0.88
0.86
0.84
0.82
0.82
0.83
0.85
0.88
0.92
0.97
1.04
1.10
1.17
1.24
1.31
1.36
1.41
1.43
1.44
1.43
1.39
1.33
1.26
1.16
1.05
0.92
0.79
0.65
0.52
0.39
0.27
0.17
0.09
0.03
0.01
0.01
0.04
0.09
0.18
0.28
0.40
0.52
0.65
0.77
0.89
0.99
1.07
1.14
1.00
1.58
1.90
2.09
2.21
2.28
2.32
2.33
2.32
2.29
2.25
2.19
2.13
2.06
1.97
1.89
1.80
1.70
1.61
1.51
1.42
1.33
1.25
1.17
1.10
1.04
0.99
0.96
0.93
0.91
0.90
0.90
0.90
0.92
0.94
0.96
0.99
1.02
1.06
1.10
1.13
1.17
1.21
1.25
1.28
1.31
1.33
1.35
1.36
1.37
1.37
1.36
1.35
1.34
1.33
1.31
1.29
1.28
1.26
1.24
1.21
1.19
1.16
1.12
1.09
1.05
1.00
0.96
0.92
0.87
0.83
0.79
0.76
0.73
0.71
0.69
0.68
0.67
0.68
0.69
0.71
0.74
0.78
0.83
0.89
0.95
1.02
1.08
1.14
1.19
1.23
1.24
1.24
1.22
1.17
1.10
1.02
0.92
0.81
0.69
0.57
0.45
0.33
0.22
0.14
0.07
0.02
0.00
0.01
0.05
0.12
0.21
0.32
0.46
0.60
0.76
0.91
1.05
1.18
1.29
1.39
1.46
1.50
1.52
1.52
1.50
1.47
1.42
1.36
1.29
1.23
1.16
1.10
1.04
1.00
0.96
0.92
0.90
0.89
0.88
0.89
0.90
0.91
0.94
0.96
0.99
1.03
1.06
1.10
1.15
1.19
1.23
1.27
1.30
1.33
1.36
1.37
1.39
1.40
1.40
1.40
1.39
1.38
1.37
1.36
1.35
1.33
1.31
1.29
1.27
1.24
1.21
1.17
1.13
1.08
1.04
0.99
0.94
0.90
0.85
0.82
0.78
0.75
0.73
0.71
0.70
0.70
0.71
0.73
0.76
0.80
0.85
0.91
0.97
1.04
1.10
1.17
1.22
1.26
1.28
1.28
1.26
1.22
1.16
1.07
0.97
0.86
0.73
0.60
0.48
0.36
0.25
0.15
0.08
0.03
0.00
0.01
0.04
0.10
0.19
0.29
0.42
0.56
0.70
0.85
0.99
1.12
1.23
1.33

