1.00
1.55
1.81
1.91
1.91
1.88
1.83
1.77
1.72
1.67
1.62
1.58
1.54
1.51
1.48
1.46
1.43
1.41
1.39
1.38
1.38
1.39
1.40
1.42
1.44
1.46
1.47
1.46
1.44
1.42
1.38
1.34
1.30
1.26
1.22
1.19
1.18
1.15
1.12
1.09
1.14
1.23
1.32
1.36
1.37
1.37
1.36
1.36
1.37
1.39
1.42
1.46
1.52
1.58
1.61
1.61
1.52
1.35
1.15
0.95
0.80
0.73
0.73
0.78
0.85
0.91
0.97
1.01
1.05
1.09
1.11
1.13
1.14
1.14
1.15
1.15
1.15
1.15
1.15
1.15
1.16
1.16
1.16
1.17
1.17
1.16
1.16
1.15
1.14
1.14
1.13
1.13
1.13
1.12
1.11
1.10
1.10
1.10
1.10
1.08
1.09
1.15
1.25
1.34
1.40
1.44
1.47
1.49
1.51
1.53
1.56
1.60
1.65
1.72
1.78
1.82
1.81
1.73
1.58
1.40
1.22
1.09
1.03
1.02
1.05
1.10
1.14
1.18
1.22
1.25
1.27
1.28
1.29
1.30
1.30
1.30
1.31
1.31
1.30
1.30
1.30
1.30
1.30
1.29
1.29
1.29
1.29
1.29
1.29
1.30
1.30
1.29
1.29
1.28
1.27
1.27
1.26
1.25
1.23
1.18
1.11
1.08
1.11
1.18
1.24
1.27
1.28
1.29
1.30
1.30
1.32
1.33
1.35
1.38
1.42
1.46
1.49
1.47
1.40
1.27
1.11
0.97
0.87
0.83
0.84
0.87
0.91
0.95
0.99
1.02
1.05
1.08
1.09
1.11
1.11
1.12
1.13
1.13
1.13
1.13
1.13
1.13
1.12
1.12
1.12
1.12
1.12
1.11
1.11
1.11
1.11
1.10
1.10
1.09
1.07
1.06
1.02
0.99
0.99
1.01
0.98
0.92
0.89
0.93
1.00
1.06
1.10
1.13
1.14
1.00
1.57
1.82
1.90
1.87
1.77
1.63
1.48
1.34
1.23
1.15
1.10
1.07
1.07
1.08
1.08
1.09
1.07
1.05
1.03
1.01
1.00
1.00
1.00
0.97
0.92
0.86
0.81
0.79
0.78
0.81
0.85
0.89
0.95
0.99
1.03
1.05
1.06
1.07
1.08
1.08
1.09
1.10
1.10
1.10
1.08
1.07
1.07
1.08
1.12
1.18
1.25
1.31
1.34
1.28
1.14
0.89
0.59
0.29
0.07
0.00
0.11
0.36
0.69
1.01
1.24
1.37
1.40
1.36
1.28
1.21
1.14
1.10
1.08
1.08
1.10
1.11
1.11
1.10
1.08
1.05
1.03
1.02
1.03
1.02
0.99
0.94
0.88
0.82
0.79
0.79
0.81
0.84
0.89
0.94
0.99
1.03
1.06
1.07
1.08
1.09
1.10
1.11
1.11
1.11
1.11
1.09
1.08
1.07
1.09
1.13
1.20
1.27
1.34
1.37
1.31
1.15
0.89
0.57
0.27
0.06
0.01
0.13
0.38
0.70
1.01
1.23
1.36
1.38
1.34
1.27
1.20
1.14
1.09
1.07
1.08
1.09
1.10
1.11
1.10
1.08
1.05
1.03
1.02
1.03
1.02
0.98
0.93
0.87
0.82
0.79
0.78
0.80
0.84
0.89
0.94
0.99
1.03
1.06
1.07
1.08
1.09
1.10
1.11
1.12
1.12
1.11
1.09
1.08
1.08
1.09
1.13
1.20
1.28
1.36
1.38
1.32
1.14
0.86
0.54
0.24
0.05
0.01
0.15
0.41
0.73
1.02
1.24
1.36
1.38
1.35
1.28
1.21
1.14
1.10
1.08
1.08
1.10
1.11
1.11
1.10
1.07
1.05
1.03
1.02
1.03
1.02
0.98
0.93
0.87
0.82
0.79
0.79
0.80
0.84
0.89
0.94
0.99
1.03
1.06
1.08
1.09
1.09
1.10
1.11
1.11
1.11
1.10
1.08
1.00
1.58
1.84
1.94
1.93
1.84
1.72
1.58
1.45
1.34
1.25
1.18
1.13
1.11
1.11
1.11
1.11
1.11
1.10
1.09
1.08
1.06
1.03
0.98
0.93
0.86
0.79
0.73
0.68
0.66
0.66
0.71
0.77
0.86
0.95
1.04
1.12
1.17
1.21
1.22
1.22
1.21
1.18
1.16
1.13
1.11
1.10
1.10
1.13
1.17
1.22
1.27
1.30
1.29
1.20
1.02
0.78
0.50
0.24
0.06
0.00
0.09
0.32
0.61
0.92
1.17
1.33
1.40
1.39
1.34
1.28
1.22
1.17
1.13
1.12
1.13
1.14
1.14
1.14
1.14
1.13
1.12
1.10
1.07
1.02
0.95
0.88
0.81
0.74
0.69
0.66
0.67
0.70
0.77
0.85
0.94
1.03
1.10
1.16
1.20
1.21
1.21
1.20
1.18
1.16
1.13
1.11
1.10
1.11
1.13
1.18
1.24
1.30
1.34
1.32
1.22
1.04
0.78
0.49
0.23
0.05
0.01
0.11
0.33
0.62
0.91
1.15
1.30
1.36
1.36
1.32
1.26
1.21
1.16
1.12
1.11
1.12
1.13
1.14
1.14
1.14
1.14
1.13
1.11
1.07
1.02
0.96
0.88
0.81
0.74
0.69
0.66
0.67
0.70
0.77
0.85
0.94
1.03
1.10
1.16
1.19
1.21
1.21
1.19
1.17
1.15
1.13
1.11
1.10
1.11
1.14
1.18
1.25
1.31
1.35
1.33
1.22
1.03
0.77
0.47
0.21
0.04
0.01
0.12
0.35
0.63
0.92
1.15
1.30
1.36
1.36
1.32
1.27
1.21
1.16
1.13
1.12
1.13
1.14
1.15
1.15
1.15
1.14
1.13
1.10
1.06
1.01
0.94
0.87
0.79
0.72
0.67
0.65
0.66
0.70
0.76
0.84
0.94
1.02
1.10
1.15
1.19
1.20
1.20
1.19
1.17
1.14
1.12
1.10
1.00
1.58
1.86
1.97
1.98
1.93
1.82
1.70
1.58
1.48
1.39
1.32
1.28
1.26
1.26
1.26
1.26
1.26
1.25
1.22
1.17
1.11
1.03
0.95
0.85
0.75
0.65
0.55
0.48
0.45
0.46
0.52
0.61
0.73
0.87
1.00
1.13
1.23
1.30
1.34
1.36
1.35
1.33
1.30
1.27
1.24
1.21
1.20
1.20
1.22
1.24
1.26
1.25
1.20
1.08
0.90
0.67
0.42
0.20
0.05
0.00
0.07
0.25
0.50
0.78
1.02
1.21
1.31
1.35
1.35
1.32
1.29
1.27
1.25
1.26
1.27
1.29
1.31
1.32
1.32
1.29
1.24
1.17
1.09
1.00
0.89
0.77
0.66
0.56
0.48
0.44
0.45
0.50
0.59
0.70
0.83
0.97
1.09
1.19
1.27
1.32
1.34
1.35
1.33
1.30
1.27
1.24
1.22
1.21
1.21
1.23
1.25
1.27
1.27
1.21
1.09
0.90
0.66
0.41
0.19
0.04
0.01
0.09
0.27
0.52
0.78
1.02
1.19
1.30
1.34
1.34
1.32
1.29
1.27
1.26
1.26
1.28
1.30
1.32
1.34
1.33
1.31
1.26
1.19
1.10
1.00
0.89
0.77
0.65
0.55
0.48
0.45
0.46
0.52
0.61
0.72
0.85
0.98
1.10
1.21
1.28
1.33
1.36
1.36
1.34
1.31
1.27
1.24
1.22
1.20
1.21
1.23
1.25
1.28
1.27
1.21
1.08
0.88
0.64
0.38
0.17
0.04
0.01
0.10
0.29
0.54
0.80
1.03
1.20
1.29
1.33
1.33
1.31
1.28
1.25
1.24
1.24
1.26
1.28
1.30
1.32
1.31
1.29
1.24
1.17
1.08
0.98
0.87
0.76
0.65
0.55
0.48
0.45
0.46
0.52
0.60
0.72
0.85
0.98
1.10
1.20
1.27
1.32
1.34
1.34
1.32
1.29
1.26
1.23
1.00
1.58
1.86
1.98
2.02
1.99
1.93
1.85
1.75
1.66
1.58
1.52
1.47
1.45
1.44
1.43
1.41
1.38
1.34
1.28
1.20
1.10
0.99
0.87
0.74
0.61
0.50
0.40
0.32
0.29
0.30
0.35
0.45
0.58
0.73
0.90
1.07
1.21
1.34
1.43
1.48
1.51
1.50
1.47
1.43
1.38
1.35
1.33
1.31
1.29
1.26
1.22
1.16
1.06
0.93
0.75
0.55
0.34
0.16
0.04
0.01
0.06
0.21
0.42
0.65
0.88
1.07
1.22
1.31
1.36
1.39
1.39
1.40
1.40
1.42
1.45
1.47
1.48
1.47
1.44
1.38
1.30
1.20
1.07
0.94
0.80
0.65
0.52
0.42
0.34
0.30
0.31
0.36
0.45
0.58
0.72
0.88
1.04
1.18
1.31
1.40
1.46
1.49
1.49
1.46
1.43
1.39
1.36
1.34
1.33
1.31
1.29
1.25
1.18
1.08
0.93
0.75
0.54
0.33
0.15
0.04
0.01
0.07
0.22
0.43
0.65
0.87
1.06
1.20
1.30
1.35
1.37
1.38
1.38
1.40
1.42
1.45
1.48
1.50
1.49
1.46
1.41
1.32
1.22
1.09
0.95
0.80
0.65
0.52
0.41
0.34
0.31
0.32
0.38
0.47
0.60
0.74
0.90
1.06
1.21
1.33
1.42
1.48
1.51
1.51
1.48
1.44
1.41
1.38
1.36
1.34
1.32
1.30
1.26
1.19
1.08
0.93
0.74
0.52
0.31
0.14
0.03
0.01
0.09
0.24
0.45
0.68
0.90
1.08
1.22
1.32
1.37
1.39
1.40
1.40
1.41
1.44
1.47
1.49
1.51
1.50
1.46
1.40
1.32
1.21
1.08
0.93
0.78
0.64
0.51
0.40
0.33
0.30
0.31
0.37
0.47
0.59
0.74
0.91
1.07
1.21
1.34
1.43
1.49
1.51
1.51
1.48
1.44
1.40

