6.00
10.00
5.00
4.00
2.00
0.50
1.50
1.00
1.00
4.50
5.33
6.67
5.25
4.20
3.80
3.00
2.00
1.20
0.40
0.20
0.80
1.00
1.20
1.40
1.60
1.60
1.60
2.00
1.83
2.17
2.33
2.17
2.00
2.17
2.00
1.67
1.50
1.43
1.00
1.29
2.57
3.43
3.00
2.75
4.50
6.78
8.90
9.08
8.31
5.36
0.71
4.27
7.56
7.94
6.65
5.14
3.55
2.36
1.41
0.73
0.32
0.05
0.18
0.33
0.33
0.43
0.52
0.57
0.52
0.52
0.55
0.55
0.50
0.50
0.55
0.55
0.55
0.50
0.55
0.58
0.53
0.47
0.47
0.47
0.42
0.47
0.47
0.42
0.44
0.50
0.56
0.61
0.56
0.44
0.39
0.33
0.39
0.56
0.56
0.56
0.53
0.35
0.06
0.06
0.00
0.00
0.12
0.35
0.56
0.56
0.44
0.37
0.19
0.00
1.00
1.50
2.25
2.14
1.88
1.00
0.43
1.75
2.00
1.44
0.22
2.00
2.92
3.00
2.33
1.20
0.33
1.73
2.31
2.12
1.24
0.29
1.94
3.20
3.91
3.92
3.46
2.83
2.10
1.26
0.39
0.43
1.13
1.61
1.91
2.09
2.09
1.94
1.71
1.43
1.11
0.83
0.57
0.38
0.21
0.12
0.06
0.00
0.06
0.13
0.17
0.23
0.34
0.41
0.48
0.57
0.61
0.57
0.54
0.48
0.41
0.33
0.26
0.12
0.00
1.00
2.00
2.50
2.58
2.55
2.48
2.42
2.37
2.24
2.10
1.97
1.81
1.67
1.52
1.38
1.28
1.20
1.11
1.06
1.01
0.95
0.92
0.89
0.88
0.87
0.86
0.81
0.76
0.71
0.70
0.71
0.77
0.84
0.89
0.91
0.90
0.90
0.90
0.92
0.96
0.99
0.99
0.96
0.91
0.88
0.90
0.96
1.04
1.09
1.12
1.04
0.94
0.78
0.67
0.64
0.70
0.84
1.04
1.18
1.23
1.21
1.08
0.87
0.66
0.51
0.45
0.51
0.69
0.92
1.17
1.37
1.45
1.43
1.30
1.09
0.84
0.58
0.35
0.16
0.03
0.03
0.01
0.13
0.34
0.61
0.90
1.19
1.46
1.65
1.76
1.85
1.84
1.78
1.70
1.60
1.52
1.43
1.34
1.26
1.20
1.12
1.08
1.04
1.03
1.01
0.99
0.92
0.86
0.78
0.75
0.77
0.83
0.87
0.91
0.93
0.92
0.92
0.95
0.97
1.01
1.04
1.04
1.00
0.96
0.93
0.93
1.00
1.09
1.16
1.17
1.11
0.99
0.83
0.71
0.65
0.72
0.86
1.04
1.19
1.28
1.27
1.15
0.95
0.72
0.55
0.47
0.51
0.66
0.89
1.14
1.35
1.46
1.49
1.37
1.19
0.95
0.69
0.46
0.23
0.07
0.01
1.00
1.50
2.00
2.25
1.83
2.00
2.13
2.20
2.42
2.53
2.76
2.70
2.48
2.15
1.96
1.69
1.47
1.37
1.35
1.48
1.59
1.67
1.68
1.54
1.31
1.06
0.80
0.57
0.47
0.56
0.79
1.09
1.35
1.59
1.63
1.56
1.42
1.17
0.94
0.75
0.67
0.77
0.91
1.11
1.36
1.58
1.70
1.81
1.82
1.74
1.51
1.28
1.00
0.72
0.50
0.37
0.34
0.43
0.68
0.97
1.32
1.66
2.00
2.26
2.40
2.44
2.36
2.24
1.93
1.60
1.26
0.93
0.63
0.42
0.26
0.17
0.10
0.05
0.00
0.00
0.03
0.05
0.13
0.18
0.21
0.30
0.38
0.49
0.68
0.92
1.16
1.38
1.49
1.51
1.46
1.29
1.18
1.13
1.13
1.21
1.37
1.47
1.53
1.44
1.26
1.03
0.74
0.53
0.42
0.45
0.61
0.84
1.11
1.32
1.42
1.45
1.34
1.16
0.95
0.79
0.68
0.68
0.76
0.95
1.16
1.37
1.58
1.71
1.74
1.72
1.59
1.38
1.13
0.85
0.59
0.41
0.36
0.39
0.58
0.84
1.16
1.53
1.85
2.15
2.38
2.48
2.50
2.34
2.12
1.83
1.46
1.12
0.83
0.59
0.39
0.24
0.12
0.05
0.03
1.00
1.42
1.44
1.47
1.38
1.24
0.95
0.65
0.33
0.00
0.27
0.40
0.50
0.54
0.62
0.85
1.23
1.64
2.14
2.40
2.29
2.22
2.06
1.63
1.32
0.95
0.63
0.39
0.22
0.24
0.35
0.53
0.82
1.00
1.29
1.29
1.29
1.18
1.00
0.82
0.59
0.47
0.44
0.50
0.75
1.06
1.50
1.94
2.18
2.47
2.44
2.44
2.16
1.79
1.37
0.89
0.42
0.11
0.06
0.06
0.11
0.50
1.00
1.56
2.11
2.47
2.95
3.00
3.15
2.90
2.67
2.27
1.91
1.64
1.32
1.09
0.95
0.73
0.50
0.23
0.14
0.57
0.90
1.19
1.27
1.23
1.00
0.71
0.38
0.10
0.14
0.24
0.29
0.30
0.35
0.45
0.70
1.00
1.40
1.70
1.90
1.90
1.86
1.62
1.33
0.95
0.62
0.33
0.19
0.15
0.20
0.30
0.50
0.75
0.90
1.05
1.05
1.00
0.80
0.65
0.45
0.35
0.25
0.26
0.42
0.63
0.95
1.32
1.68
1.85
2.05
2.10
2.00
1.70
1.35
0.95
0.50
0.15
0.05
0.10
0.05
0.32
0.68
1.21
1.70
2.20
2.60
2.95
3.05
2.86
2.71
2.43
2.10
1.76
1.52
1.24
1.10
0.86
0.62
0.33
0.05
0.43
0.81
1.14
1.33
1.29
1.14
0.86
0.52
0.24
0.00
1.00
1.40
1.50
1.29
1.29
1.00
0.71
0.50
0.17
0.40
0.80
1.40
2.00
2.17
2.29
2.43
2.13
1.75
1.25
0.50
0.37
1.25
2.00
2.22
2.44
2.22
1.60
1.00
0.22
0.56
1.11
1.44
1.44
1.20
1.00
0.44
0.11
0.67
1.00
1.33
1.56
1.89
1.90
2.10
2.50
2.70
2.55
2.45
2.18
1.58
0.92
0.27
0.36
1.00
1.55
1.91
2.08
2.33
2.42
2.38
2.54
2.69
2.64
2.71
2.71
2.40
2.13
1.87
1.47
0.87
0.40
0.07
0.47
0.80
0.93
1.00
0.87
0.73
0.50
0.21
0.07
0.36
0.50
0.57
0.57
0.50
0.36
0.23
0.23
0.15
0.23
0.46
0.69
0.92
1.15
1.38
1.38
1.31
1.00
0.62
0.08
0.46
1.00
1.38
1.62
1.54
1.31
0.92
0.38
0.15
0.62
0.85
1.00
0.92
0.77
0.46
0.08
0.33
0.58
0.83
1.08
1.25
1.50
1.62
1.85
2.08
2.15
2.15
1.92
1.54
1.08
0.54
0.00
0.54
1.00
1.38
1.69
1.92
2.15
2.31
2.46
2.50
2.71
2.79
2.79
2.71
2.43
2.14
1.60
1.13
0.67
0.21
0.21
0.57
0.86
0.93
0.93
0.79
0.57
0.21
0.07
0.36
0.57
0.71
0.71
0.64
0.57
0.43
0.36
0.29
0.36
0.50
0.71
0.93
1.21
1.36
1.43
1.36
1.07
0.79
0.36
0.21
0.77
1.07
1.36
1.43
1.29
0.93
0.50
0.00
1.00
1.50
1.50
1.86
1.78
1.80
1.58
1.54
1.62
1.50
1.27
1.13
1.00
0.86
0.64
0.38
0.08
0.25
0.58
1.00
1.42
1.77
2.08
2.21
2.20
2.33
2.25
2.12
2.00
1.67
1.33
1.00
0.61
0.29
0.00
0.25
0.44
0.44
0.44
0.33
0.20
0.00
1.00
1.67
1.60
1.83
1.88
1.89
1.82
1.83
1.85
1.71
1.67
1.50
1.41
1.29
1.24
1.12
1.00
0.88
0.82
0.76
0.88
0.94
1.00
1.12
1.18
1.35
1.53
1.65
1.72
1.78
1.74
1.79
1.70
1.65
1.60
1.43
1.33
1.24
1.14
1.00
0.81
0.62
0.45
0.15
0.10
0.37
0.63
0.84
1.05
1.11
1.05
1.00
0.79
0.53
0.21
0.17
0.44
0.72
0.94
1.00
1.06
1.06
0.94
0.89
0.83
0.89
0.89
1.00
1.06
1.11
1.11
1.00
0.89
0.67
0.50
0.24
0.06
0.06
0.18
0.12
0.00
0.12
0.31
0.50
0.69
0.88
1.00
1.19
1.31
1.37
1.44
1.44
1.50
1.50
1.37
1.25
1.12
1.00
0.94
0.88
0.88
0.94
1.06
1.19
1.31
1.44
1.53
1.65
1.76
1.88
1.94
2.06
2.00
2.00
1.89
1.83
1.72
1.61
1.44
1.33
1.11
0.89
0.67
0.39
0.06
0.22
0.50
0.78
0.94
1.06
1.11
1.00
0.83
0.65
0.29
0.06
0.41
0.71
1.00
1.12
1.18
1.18
1.12
1.06
1.00
1.00
1.06
1.06
1.18
1.24
1.24
1.18
1.06
0.88
0.71
0.47
0.24
0.06
0.00
1.00
2.00
2.00
2.00
0.00
1.00
4.00
4.00
3.33
3.25
3.00
2.67
2.43
2.57
2.13
2.13
1.89
1.89
1.70
1.60
1.60
1.50
1.27
1.36
1.27
1.27
1.36
1.45
1.55
1.50
1.67
1.75
1.83
1.69
1.85
1.92
1.86
1.86
1.93
1.87
1.87
1.73
1.60
1.37
1.06
0.87
0.47
0.07
0.33
0.73
1.00
1.20
1.27
1.20
1.13
0.93
0.73
0.53
0.36
0.14
0.00
1.00
1.00
0.00
2.00
4.00
3.00
2.67
2.50
2.60
2.50
2.29
2.43
2.38
2.00
1.89
1.60
1.40
1.30
1.00
0.90
0.60
0.40
0.33
0.22
0.11
0.12
0.12
0.00
1.00
2.00
2.00
1.67
2.00
2.00
1.80
2.00
1.67
1.67
1.83
1.57
1.57
1.43
1.57
1.37
1.37
1.37
1.37
1.50
1.50
1.22
1.33
1.22
1.22
1.33
1.44
1.56
1.78
1.90
2.10
2.30
2.18
2.18
1.83
1.67
1.33
0.92
0.50
0.00
0.36
0.64
0.91
1.09
1.27
1.45
1.55
1.55
1.55
1.42
1.33
1.25
1.00
0.75
0.58
0.45
0.09
0.18
0.27
0.55
0.73
0.82
0.82
0.91
0.82
0.73
0.64
0.50
0.30
0.00
1.00
1.50
1.33
1.67
1.50
1.25
1.00
0.75
0.67
0.67
0.00
0.33
1.00
1.67
2.33
2.67
2.00
2.00
2.25
2.25
2.50
2.00
2.20
2.40
2.17
2.17
2.17
2.17
2.00
1.57
1.57
1.43
1.43
1.43
1.57
1.71
2.00
2.00
2.25
2.50
2.63
2.56
2.56
2.44
2.00
1.70
1.40
1.10
0.70
0.40
0.11
0.33
0.67
1.00
1.22
1.56
1.67
1.60
1.70
1.70
1.60
1.50
1.30
1.10
0.80
0.60
0.20
0.10
0.40
0.67
0.89
1.11
1.11
1.22
1.00
0.89
0.78
0.56
0.33
0.00
1.00
2.00
1.50
1.50
1.50
1.50
1.00
1.00
0.00
0.00
2.00
2.00
2.00
2.50
2.50
3.00
3.50
2.67
2.67
3.33
3.00
3.25
2.80
2.80
2.80
2.17
2.00
2.00
1.83
1.67
1.67
1.67
1.57
1.71
2.00
2.29
2.57
2.50
2.75
2.75
2.44
2.33
2.33
2.11
1.80
1.50
1.30
1.00
0.70
0.40
0.11
0.11
0.56
0.89
1.22
1.44
1.67
1.78
1.70
1.60
1.40
1.20
0.90
0.70
0.30
0.00
1.00
1.50
2.00
1.67
1.67
1.67
1.33
1.25
1.00
0.67
0.33
0.00
0.67
1.33
2.67
3.33
3.25
3.20
3.80
3.67
3.57
3.38
3.22
3.10
2.82
2.82
2.42
2.15
1.92
1.69
1.46
1.23
1.00
0.85
0.69
0.62
0.54
0.54
0.54
0.58
0.67
0.75
0.83
1.00
1.08
1.17
1.33
1.42
1.42
1.42
1.23
1.23
1.15
1.15
1.08
1.08
1.08
1.08
1.08
1.08
0.92
0.85
0.69
0.46
0.42
0.25
0.17
0.08
0.08
0.08
0.09
0.09
0.27
0.36
0.36
0.36
0.36
0.27
0.18
0.10
0.00
1.00
1.00
2.00
2.00
2.50
2.67
2.50
2.60
2.67
2.50
2.56
2.60
2.33
2.23
2.07
1.93
1.75
1.63
1.47
1.29
1.24
1.12
0.94
0.82
0.71
0.63
0.50
0.50
0.53
0.53
0.67
0.73
0.87
0.93
1.00
1.07
1.07
1.07
1.07
1.00
1.00
1.00
1.00
1.07
1.13
1.13
1.13
1.13
1.13
1.07
1.00
0.93
0.80
0.67
0.47
0.50
0.36
0.36
0.29
0.29
0.29
0.38
0.46
0.46
0.54
0.54
0.54
0.54
0.46
0.31
0.33
0.17
0.08
0.08
0.08
0.08
0.00
0.00
0.09
0.09
0.09
0.18
0.27
0.36
0.55
0.82
0.91
1.27
1.55
1.82
2.09
2.36
2.64
2.64
2.58
2.50
2.50
2.33
2.25
2.08
1.69
1.54
1.38
1.08
0.85
0.77
0.62
0.67
0.67
0.58
0.67
0.75
0.83
0.92
1.00
1.08
1.17
1.17
1.17
1.17
1.17
1.17
1.25
1.25
1.33
1.33
1.42
1.42
1.33
1.23
1.08
1.00
0.85
0.75
0.67
0.50
0.42
0.33
0.25
0.25
0.33
0.33
0.42
0.42
0.50
0.50
0.42
0.42
0.33
0.33
0.25
0.18
0.09
0.09
0.09
0.00

