3.00
2.50
2.33
2.67
2.50
2.40
2.67
2.57
2.44
3.00
3.08
2.93
2.35
2.22
2.25
2.43
2.57
2.56
2.37
2.00
1.79
1.43
0.83
0.34
0.25
0.86
1.18
1.36
1.38
1.41
1.45
1.40
1.37
1.33
1.26
1.26
1.29
1.26
1.26
1.25
1.25
1.28
1.31
1.37
1.36
1.36
1.36
1.36
1.35
1.35
1.32
1.32
1.26
1.20
1.14
1.09
1.03
0.97
0.94
0.89
0.88
0.85
0.82
0.79
0.74
0.71
0.71
0.71
0.70
0.67
0.61
0.58
0.45
0.41
0.41
0.44
0.47
0.48
0.52
0.61
0.55
0.48
0.55
0.83
0.93
0.97
1.03
0.93
0.77
0.77
0.87
0.90
1.07
1.07
0.77
0.27
0.33
1.03
1.73
2.27
2.48
2.52
2.22
1.75
1.25
0.84
0.53
0.32
0.19
0.13
0.10
0.07
0.07
0.07
0.10
0.10
0.10
0.14
0.17
0.21
0.21
0.21
0.18
0.11
0.11
0.15
0.15
0.11
0.11
0.15
0.11
0.15
0.23
0.27
0.27
0.27
0.31
0.38
0.44
0.48
0.52
0.56
0.56
0.60
0.60
0.60
0.56
0.48
0.40
0.36
0.33
0.37
0.33
0.25
0.17
0.12
0.00
0.21
0.35
0.30
0.39
0.52
0.61
0.91
1.22
1.35
1.35
1.35
1.26
1.17
1.39
1.61
1.71
1.75
1.54
1.04
0.33
0.50
1.37
2.17
2.67
2.79
2.54
1.96
1.36
0.84
0.42
0.08
0.17
0.33
0.42
0.46
0.50
0.50
0.50
0.54
0.54
0.54
0.54
0.54
0.57
0.57
0.61
0.61
0.61
0.61
0.61
0.65
0.65
0.65
0.65
0.65
0.65
0.70
0.70
0.70
0.70
0.65
0.65
0.65
0.65
0.61
0.61
0.61
0.64
0.64
0.68
1.00
1.00
2.00
3.00
3.00
2.50
2.00
1.20
0.60
0.25
1.00
1.25
0.75
0.25
1.50
2.50
2.60
2.60
1.80
0.60
1.00
2.17
3.50
3.86
3.75
3.22
2.78
1.70
0.80
0.33
1.60
2.90
3.64
4.08
4.31
4.00
3.81
3.47
3.17
2.74
2.42
2.00
1.70
1.45
1.14
0.95
0.85
0.70
0.60
0.55
0.45
0.37
0.26
0.16
0.11
0.11
0.17
0.22
0.35
0.41
0.47
0.53
0.59
0.65
0.71
0.76
0.76
0.71
0.75
0.69
0.63
0.63
0.75
0.88
0.94
0.88
0.81
0.63
0.37
0.19
0.00
0.00
0.13
0.40
0.60
0.73
0.67
0.53
0.27
0.00
1.00
1.29
1.37
1.44
1.20
1.00
0.56
0.12
1.12
1.78
2.20
2.36
2.33
2.08
1.64
1.21
0.64
0.00
0.77
1.62
2.21
2.60
2.88
2.83
2.74
2.60
2.27
2.14
1.91
1.67
1.54
1.37
1.21
1.04
0.92
0.75
0.58
0.46
0.35
0.22
0.05
0.09
0.14
0.19
0.15
0.05
0.10
0.26
0.42
0.42
0.42
0.44
0.39
0.33
0.44
0.56
0.76
0.88
1.00
1.00
0.94
0.76
0.53
0.29
0.12
0.06
0.06
0.19
0.31
0.44
0.50
0.47
0.33
0.13
0.07
0.33
0.47
0.47
0.36
0.07
0.21
0.43
0.64
0.71
0.79
0.71
0.43
0.00
1.00
2.00
2.00
0.00
4.00
4.00
2.75
3.00
3.00
2.38
2.25
1.67
1.22
0.67
0.00
1.00
2.00
2.00
2.13
2.27
2.20
2.28
2.18
2.16
2.03
1.94
1.88
1.76
1.69
1.61
1.60
1.50
1.42
1.35
1.28
1.15
1.04
0.93
0.83
0.72
0.67
0.64
0.61
0.63
0.64
0.62
0.61
0.59
0.57
0.60
0.62
0.67
0.77
0.85
0.92
1.00
1.03
1.00
1.00
0.97
0.92
0.89
0.87
0.87
0.89
0.87
0.89
0.92
0.92
0.92
0.87
0.84
0.73
0.65
0.54
0.47
0.44
0.44
0.49
0.54
0.66
0.74
0.83
0.94
1.00
1.00
1.00
0.91
0.80
0.68
0.47
0.29
0.15
0.03
0.00
0.00
0.06
0.23
0.45
0.68
0.90
1.19
1.42
1.59
1.75
1.88
1.94
1.94
1.97
2.00
1.94
1.97
1.94
1.83
1.74
1.63
1.49
1.31
1.17
1.03
0.94
0.89
0.83
0.83
0.80
0.80
0.77
0.71
0.69
0.66
0.69
0.74
0.83
0.91
1.00
1.09
1.14
1.14
1.11
1.09
1.03
0.97
0.94
0.91
0.91
0.91
0.94
0.94
0.97
0.97
0.94
0.89
0.82
0.74
0.65
0.56
0.50
0.47
0.50
0.53
0.62
0.74
0.85
0.97
1.03
1.09
1.06
1.03
0.94
0.82
0.64
0.45
0.27
0.15
0.06
0.03
0.06
0.19
0.37
0.59
0.84
1.09
1.31
1.53
1.69
1.81
1.85
1.91
1.97
2.00
2.03
2.06
1.97
1.94
1.88
1.76
1.62
1.44
1.29
1.15
1.03
0.94
0.91
0.88
0.85
0.82
0.79
0.76
0.74
0.71
0.71
0.76
0.85
0.94
1.03
1.12
1.18
1.21
1.18
1.15
1.12
1.06
1.03
0.97
0.97
0.97
0.97
1.00
1.03
1.03
1.00
0.97
0.88
0.79
0.71
0.62
0.53
0.53
0.50
0.53
0.59
0.73
0.82
0.91
1.00
1.50
1.67
1.86
1.89
1.73
1.75
1.69
1.57
1.47
1.33
1.12
1.00
0.80
0.53
0.21
0.15
0.62
1.00
1.38
1.62
1.79
1.80
1.93
1.88
1.88
1.76
1.76
1.61
1.50
1.39
1.22
0.94
0.72
0.50
0.24
0.00
0.25
0.44
0.50
0.56
0.50
0.40
0.33
0.20
0.07
0.07
0.21
0.36
0.36
0.31
0.31
0.31
0.23
0.23
0.25
0.33
0.42
0.50
0.58
0.58
0.42
0.33
0.18
0.09
0.36
0.73
1.00
1.27
1.45
1.55
1.55
1.36
1.09
0.73
0.55
0.18
0.00
1.00
1.50
1.67
1.75
1.70
1.64
1.58
1.46
1.31
1.15
0.92
0.69
0.58
0.42
0.45
0.45
0.55
0.70
1.00
1.10
1.40
1.45
1.73
1.82
1.83
1.83
1.77
1.69
1.62
1.46
1.15
0.85
0.54
0.23
0.17
0.50
0.83
1.08
1.33
1.58
1.69
1.92
2.08
2.00
1.93
1.86
1.79
1.57
1.27
1.00
0.79
0.50
0.21
0.07
0.36
0.57
0.69
0.77
0.69
0.69
0.62
0.54
0.31
0.23
0.15
0.08
0.08
0.08
0.00
0.00
0.09
0.09
0.18
0.27
0.36
0.45
0.55
0.55
0.36
0.18
0.10
0.40
0.80
1.20
1.50
1.70
1.64
1.64
1.55
1.27
1.09
0.82
0.45
0.36
0.30
0.30
0.40
0.60
0.80
1.00
1.30
1.50
1.70
1.90
1.82
1.91
2.00
2.00
2.00
1.82
1.55
1.27
0.82
0.45
0.09
0.36
0.73
1.00
1.27
1.55
1.82
2.00
2.27
2.45
2.45
2.45
2.17
2.00
1.67
1.42
1.08
0.75
0.33
0.00
1.00
1.50
2.00
1.67
2.00
1.50
1.25
1.00
0.75
0.33
0.00
0.67
1.33
1.67
2.00
2.00
2.00
1.25
1.00
1.00
0.00
nan
inf
2.00
4.00
3.00
2.67
2.50
2.20
2.00
2.00
1.67
1.14
1.00
0.50
0.00
0.40
0.80
1.40
1.50
1.50
1.67
1.67
1.50
1.33
1.17
1.00
0.67
0.50
0.33
0.17
0.33
0.60
0.80
1.20
1.40
1.80
1.83
2.00
2.17
2.17
2.17
2.17
1.71
1.57
1.29
1.14
0.86
0.43
0.00
1.00
2.00
2.00
1.50
1.50
2.00
1.00
1.00
0.50
0.00
1.00
2.50
4.00
3.67
3.50
4.50
4.20
4.17
3.63
3.56
3.50
3.36
3.17
2.92
2.71
2.40
2.06
1.88
1.59
1.41
1.18
1.06
1.00
0.88
0.82
0.82
0.76
0.75
0.69
0.63
0.50
0.50
0.50
0.53
0.60
0.73
0.87
1.00
1.07
1.20
1.27
1.40
1.40
1.40
1.25
1.19
1.12
1.00
0.81
0.73
0.53
0.33
0.20
0.07
0.00
1.00
1.25
1.60
1.67
1.71
1.75
1.78
1.80
1.82
1.83
1.77
1.64
1.60
1.63
1.63
1.59
1.53
1.44
1.39
1.39
1.26
1.11
1.05
0.95
0.89
0.84
0.83
0.83
0.83
0.89
0.94
1.06
1.22
1.33
1.44
1.53
1.58
1.63
1.65
1.65
1.65
1.57
1.52
1.52
1.48
1.43
1.41
1.41
1.41
1.41
1.41
1.39
1.39
1.43
1.43
1.43
1.48
1.46
1.50
1.50
1.54
1.54
1.44
1.44
1.40
1.36
1.28
1.20
1.04
0.92
0.80
0.64
0.48
0.32
0.17
0.04
0.00
0.04
0.09
0.04
0.05
0.14
0.23
0.32
0.45
0.55
0.67
0.76
0.86
0.95
1.05
1.10
1.14
1.19
1.24
1.18
1.18
1.18
1.14
1.14
1.05
0.95
0.86
0.82
0.73
0.71
0.67
0.62
0.67
0.71
0.81
0.90
1.00
1.10
1.19
1.29
1.38
1.48
1.52
1.50
1.55
1.55
1.55
1.50
1.45
1.45
1.45
1.45
1.41
1.41
1.41
1.45
1.43
1.43
1.48
1.48
1.52
1.52
1.57
1.57
1.57
1.57
1.57
1.57
1.46
1.42
1.33
1.25
1.17
1.08
0.92
0.75
0.58
0.42
0.26
0.13
0.04
0.00
1.00
1.40
1.67
1.75
1.70
1.73
1.69
1.71
1.73
1.69
1.65
1.56
1.42
1.40
1.30
1.25
1.15
1.05
1.00
0.85
0.75
0.65
0.58
0.47
0.44
0.39
0.35
0.29
0.31
0.25
0.31
0.40
0.53
0.60
0.67
0.80
0.87
0.93
1.00
1.00
1.00
1.00
0.93
0.93
0.79
0.64
0.57
0.43
0.29
0.15
0.08
0.00
0.00
0.08
0.08
0.08
0.17
0.17
0.08
0.09
0.09
0.09
0.09
0.09
0.18
0.10
0.10
0.10
0.10
0.10
0.10
0.20
0.22
0.33
0.44
0.56
0.56
0.44
0.33
0.11
0.22
0.56
1.00
1.33
1.78
2.11
2.44
2.67
2.89
2.80
2.90
2.90
2.90
2.90
2.45
2.36
2.27
2.09
1.91
1.73
1.64
1.45
1.27
1.09
1.00
0.82
0.73
0.64
0.55
0.55
0.64
0.64
0.82
0.91
1.00
1.18
1.27
1.36
1.45
1.55
1.55
1.45
1.36
1.27
1.18
1.00
0.82
0.73
0.55
0.36
0.27
0.27
0.18
0.09
0.09
0.00
1.00
1.00
nan
inf
2.00
4.00
2.50
3.00
2.33
2.67
2.67
2.25
2.25
1.80
1.60
1.20
1.00
0.80
0.40
0.00
0.25
0.50
0.75
1.00
1.00
1.25
1.50
1.50
1.75
2.00
2.00
2.25
1.80
1.80
1.60
1.60
1.40
1.20
1.20
1.20
1.20
1.40
1.60
1.80
1.80
2.00
2.20
1.83
1.67
1.50
1.33
1.17
0.67
0.33
0.20
0.80
1.40
1.50
2.00
2.33
2.50
2.83
2.83
3.17
2.71
2.71
2.71
2.71
2.43
2.43
1.88
1.75
1.50
1.12
1.00
0.75
0.50
0.37
0.29
0.14
0.00

