10.00
10.00
11.00
12.00
14.00
17.00
18.00
9.00
10.50
11.50
11.50
13.50
11.67
12.67
11.00
7.00
8.25
9.25
10.00
7.60
7.80
6.80
4.80
2.33
0.60
1.17
2.50
3.33
4.00
4.17
4.17
4.33
4.33
3.71
3.71
3.71
3.86
3.86
4.00
3.63
3.63
3.75
3.75
3.88
3.88
3.56
3.67
3.67
3.67
3.67
3.56
3.10
3.10
2.90
2.70
2.50
2.30
2.10
1.90
1.80
1.60
1.40
1.30
1.20
1.00
0.90
0.70
0.70
0.70
0.60
0.50
0.60
0.60
0.60
0.60
0.50
0.30
0.30
0.30
0.30
0.40
0.90
0.90
0.40
0.40
1.10
1.40
1.10
0.90
0.90
0.60
0.00
0.00
0.50
0.80
0.50
0.30
1.40
2.90
4.40
5.40
5.90
5.18
4.55
3.73
2.82
2.09
1.45
1.18
1.00
0.82
0.73
0.73
0.73
0.64
0.55
0.64
0.73
0.73
0.82
0.91
0.91
0.82
0.82
0.82
0.73
0.73
0.64
0.73
0.73
0.64
0.73
0.91
0.91
1.00
1.09
1.27
1.36
1.27
1.00
1.33
1.43
1.63
1.60
1.55
1.50
1.46
1.46
1.43
1.43
1.40
1.40
1.37
1.37
1.25
1.12
1.00
1.00
1.00
1.00
0.94
0.94
0.88
0.88
0.88
0.94
1.06
1.12
1.12
1.12
1.06
0.94
0.88
0.88
1.00
1.12
1.31
1.44
1.37
1.31
1.12
0.94
0.81
0.81
0.88
1.06
1.31
1.50
1.47
1.41
1.29
1.12
1.00
0.82
0.82
1.00
1.18
1.47
1.76
2.00
2.06
2.06
2.06
1.89
1.53
1.21
0.84
0.47
0.11
0.28
0.56
0.78
0.83
0.89
0.83
0.72
0.56
0.35
0.12
0.12
0.29
0.47
0.65
0.82
0.88
0.94
1.00
1.06
1.12
1.18
1.24
1.29
1.29
1.29
1.24
1.18
1.06
1.06
1.06
1.00
1.00
0.94
0.88
0.82
0.76
0.82
0.94
1.06
1.06
1.06
1.00
0.88
0.82
0.88
0.94
1.06
1.18
1.29
1.29
1.29
1.18
1.06
0.94
0.88
1.00
1.12
1.24
1.41
1.53
1.47
1.41
1.24
1.06
0.94
0.88
0.94
1.12
1.35
1.65
1.88
2.06
2.06
2.06
1.94
1.72
1.44
1.06
0.56
0.17
0.22
0.50
0.72
0.89
0.94
0.94
0.83
0.67
0.47
0.24
0.00
0.18
0.41
0.59
0.71
0.82
0.94
0.94
1.00
1.00
1.06
1.12
1.18
1.24
1.18
1.24
1.12
1.06
1.00
1.00
0.94
0.88
0.88
0.82
0.76
0.76
0.82
0.94
1.00
1.06
1.06
0.94
0.88
0.82
0.76
0.88
1.00
1.18
1.29
1.35
1.29
1.18
1.00
0.88
0.82
0.88
1.00
1.18
1.35
1.47
1.53
1.41
1.29
1.06
0.94
0.82
0.88
1.00
1.24
1.47
1.71
1.94
2.06
2.12
2.12
1.83
1.56
1.17
0.72
1.00
1.33
1.50
1.50
1.25
0.75
0.25
0.33
1.00
1.33
1.67
1.75
2.25
3.00
3.20
3.17
3.14
3.00
2.89
2.60
2.50
2.18
2.09
1.92
2.00
1.85
1.77
1.77
1.57
1.43
1.29
1.14
1.00
1.00
1.00
1.07
1.21
1.36
1.50
1.47
1.47
1.47
1.40
1.33
1.33
1.33
1.33
1.31
1.37
1.50
1.63
1.69
1.75
1.71
1.65
1.59
1.47
1.41
1.29
1.18
1.18
1.12
1.18
1.24
1.28
1.44
1.61
1.83
2.00
2.00
2.05
1.95
1.84
1.63
1.35
1.10
0.85
0.63
0.32
0.11
0.11
0.21
0.28
0.28
0.22
0.17
0.11
0.00
0.06
0.12
0.18
0.29
0.47
0.65
0.88
1.12
1.29
1.41
1.41
1.41
1.41
1.35
1.35
1.41
1.41
1.41
1.41
1.35
1.29
1.18
1.12
1.00
0.88
0.88
0.88
0.94
1.06
1.12
1.18
1.24
1.24
1.24
1.22
1.17
1.11
1.06
1.17
1.17
1.22
1.33
1.44
1.50
1.61
1.61
1.61
1.56
1.56
1.44
1.28
1.22
1.11
1.11
1.11
1.17
1.22
1.39
1.56
1.68
1.84
1.95
2.00
2.00
1.95
1.79
1.58
1.32
1.05
0.74
0.47
0.21
0.00
1.00
1.25
1.40
1.50
1.67
1.57
1.50
1.50
1.37
1.22
1.00
0.88
0.63
0.37
0.43
0.29
0.29
0.50
0.50
0.67
0.83
0.67
0.83
0.83
1.00
0.67
0.67
0.67
0.80
1.00
1.20
1.33
1.67
2.00
2.33
2.50
2.29
2.14
2.14
1.86
1.57
1.29
1.00
0.86
0.71
0.71
0.71
1.00
1.43
1.86
2.29
2.71
2.75
2.75
2.88
2.44
2.11
1.78
1.44
1.11
0.67
0.33
0.00
0.37
0.75
1.00
1.37
1.56
1.67
1.78
1.78
1.67
1.56
1.33
1.22
1.00
0.67
0.56
0.33
0.11
0.11
0.33
0.63
0.88
1.12
1.37
1.22
1.22
1.11
1.00
0.89
0.75
0.63
0.50
0.37
0.25
0.25
0.25
0.25
0.25
0.37
0.37
0.50
0.63
0.63
0.63
0.75
0.63
0.75
0.75
0.88
1.00
1.25
1.50
1.75
1.88
2.00
2.00
1.88
1.63
1.50
1.25
1.00
0.88
0.63
0.63
0.63
0.75
1.00
1.37
1.75
2.13
2.25
2.63
2.75
2.63
2.38
1.78
1.44
1.00
0.67
0.33
0.00
nan
inf
inf
inf
inf
inf
inf
2.00
2.00
2.00
2.00
3.00
3.00
3.00
2.00
1.00
0.00
2.00
4.00
6.00
4.00
5.00
5.50
3.67
3.33
3.33
2.67
1.50
1.00
1.00
0.67
0.67
0.67
1.00
1.33
2.00
2.67
2.25
2.50
3.00
3.00
3.25
2.60
2.60
2.40
2.00
1.60
1.00
0.40
0.40
1.00
1.60
2.00
2.60
2.80
3.20
2.83
3.00
3.17
3.17
3.17
2.71
2.57
2.43
2.29
1.86
1.57
1.14
0.71
0.29
0.00
1.00
1.67
1.75
1.80
1.67
1.43
1.29
1.29
1.29
1.00
0.86
0.71
0.57
0.67
0.67
0.50
0.67
0.50
0.60
0.60
0.60
0.40
0.20
0.20
0.25
0.25
0.50
1.00
1.50
2.00
2.00
2.40
2.80
2.80
2.50
2.33
2.17
2.00
1.83
1.50
1.33
1.33
1.50
1.33
1.50
1.33
1.43
1.57
1.71
1.86
2.14
2.29
2.43
2.57
2.25
2.13
2.00
1.63
1.37
1.00
0.75
0.50
0.12
0.12
0.37
0.50
0.75
1.00
1.12
1.37
1.63
1.75
1.75
1.75
1.63
1.50
1.25
0.88
0.50
0.00
0.25
0.63
0.75
1.00
1.12
1.12
1.12
1.12
1.00
0.88
0.75
0.63
0.50
0.50
0.37
0.57
0.57
0.57
0.57
0.43
0.43
0.43
0.29
0.14
0.14
0.14
0.29
0.57
0.86
1.14
1.43
1.71
1.71
2.00
2.00
2.14
2.14
2.00
1.71
1.57
1.43
1.14
1.14
1.14
1.00
1.00
1.14
1.29
1.71
1.86
2.14
2.00
2.13
2.25
2.25
2.25
2.13
1.88
1.63
1.37
1.00
0.88
0.50
0.25
0.00
1.00
1.50
1.50
1.50
1.50
1.50
1.00
0.50
0.00
0.50
1.00
1.00
1.50
1.50
1.50
0.50
0.50
0.00
1.00
1.33
1.75
1.80
1.83
1.86
1.63
1.56
1.78
1.60
1.45
1.55
1.55
1.42
1.42
1.42
1.31
1.23
1.23
1.15
1.08
1.00
0.92
0.85
0.77
0.77
0.83
0.92
1.00
1.08
1.17
1.23
1.31
1.46
1.54
1.62
1.69
1.64
1.64
1.71
1.64
1.47
1.40
1.33
1.27
1.27
1.20
1.13
1.20
1.20
1.33
1.40
1.47
1.50
1.50
1.50
1.56
1.50
1.56
1.50
1.44
1.29
1.24
1.18
1.12
1.06
0.94
0.88
0.71
0.63
0.50
0.31
0.19
0.06
0.06
0.20
0.20
0.20
0.20
0.07
0.07
0.21
0.36
0.57
0.64
0.79
0.86
1.00
1.00
1.07
1.07
1.14
1.14
1.21
1.14
1.14
1.14
1.14
1.07
0.93
0.93
0.86
0.79
0.71
0.64
0.64
0.64
0.71
0.71
0.79
0.86
0.93
1.07
1.21
1.36
1.43
1.50
1.57
1.57
1.64
1.57
1.57
1.50
1.43
1.36
1.36
1.29
1.29
1.29
1.20
1.27
1.33
1.40
1.40
1.47
1.53
1.60
1.60
1.53
1.53
1.53
1.47
1.40
1.33
1.27
1.20
1.00
0.93
0.80
0.67
0.53
0.33
0.20
0.07
0.07
0.13
0.20
0.27
0.21
0.14
0.00
0.07
0.29
0.43
0.57
0.71
0.86
0.86
0.93
1.00
1.07
1.07
1.07
1.07
1.14
1.14
1.14
1.14
1.07
1.00
0.93
0.86
0.86
0.79
0.71
0.64
0.64
0.64
0.79
0.86
0.93
0.93
1.07
1.14
1.29
1.36
1.43
1.57
1.57
1.57
1.57
1.64
1.57
1.50
1.43
1.36
1.29
1.29
1.21
1.29
1.36
1.43
1.50
1.57
1.57
1.64
1.64
1.60
1.53
1.53
1.53
1.53
1.47
1.40
1.27
1.13
1.07
0.93
0.87
