nan
nan
nan
inf
inf
inf
inf
4.00
4.00
4.50
4.50
3.00
4.00
2.25
1.00
0.00
0.00
0.33
1.33
2.25
2.25
4.00
5.00
5.14
4.50
4.00
3.60
3.27
2.27
1.45
1.45
1.33
1.33
1.33
1.33
1.33
0.75
0.00
nan
inf
4.00
3.00
2.67
2.29
1.29
0.57
0.17
0.00
0.00
0.20
1.80
2.67
2.67
1.50
0.67
0.00
1.00
nan
inf
inf
4.00
4.00
4.50
5.00
5.33
5.76
6.23
5.50
4.61
3.21
1.81
0.42
0.17
2.08
5.07
6.70
7.04
6.44
5.48
4.50
3.62
2.81
2.11
1.50
1.08
0.74
0.47
0.32
0.17
0.10
0.05
0.03
0.02
0.02
0.01
0.01
0.00
0.00
0.00
1.00
1.50
1.29
1.29
1.12
0.17
0.00
0.20
0.25
0.00
0.00
0.33
1.33
2.25
5.00
6.13
5.82
5.40
4.50
2.45
1.25
0.45
0.21
0.84
1.89
5.26
9.53
10.67
10.38
9.14
7.92
5.62
3.13
1.22
0.05
0.46
2.62
4.95
6.86
7.51
7.18
6.47
5.56
4.51
3.55
2.54
1.75
1.14
0.66
0.36
0.23
0.12
0.07
0.03
0.00
1.00
1.64
1.78
1.49
1.11
0.41
0.03
1.36
3.70
4.30
4.47
3.68
2.87
1.86
0.80
0.12
0.08
1.17
3.12
4.59
5.77
5.74
5.21
4.42
3.65
2.99
2.39
1.91
1.61
1.27
0.99
0.75
0.50
0.26
0.14
0.08
0.03
0.01
1.00
1.38
1.68
1.42
1.33
0.78
0.22
0.03
0.71
2.08
3.70
4.26
4.77
4.70
4.41
4.19
4.04
3.61
3.32
2.98
2.72
2.52
2.26
2.14
1.95
1.98
1.82
1.58
1.55
1.36
1.19
1.03
0.96
0.83
0.83
0.84
0.98
1.05
1.28
1.43
1.58
1.65
1.63
1.52
1.42
1.33
1.17
1.09
1.09
1.16
1.23
1.46
1.69
1.85
2.00
2.05
1.93
1.73
1.39
1.16
0.96
0.96
1.03
1.16
1.45
1.85
2.27
2.70
3.25
3.47
3.46
3.34
2.95
2.33
1.67
1.01
0.52
0.21
0.05
0.00
1.00
1.47
1.57
1.38
0.67
0.19
0.06
1.32
3.24
4.67
4.76
4.99
4.73
4.35
4.09
3.59
3.27
3.04
2.75
2.65
2.46
2.30
2.29
2.17
2.07
1.90
1.66
1.36
1.12
0.90
0.77
0.72
0.72
0.73
0.86
1.01
1.32
1.47
1.63
1.60
1.58
1.39
1.30
1.14
1.06
1.13
1.28
1.43
1.67
1.92
1.98
2.03
2.00
1.96
1.84
1.64
1.47
1.16
1.03
0.96
0.96
1.09
1.38
1.68
2.27
2.71
3.15
3.36
3.57
3.34
2.94
2.50
1.88
1.37
0.89
0.55
0.27
0.12
0.03
0.00
0.00
0.02
0.04
0.07
0.04
0.02
0.00
1.00
1.53
1.49
1.56
0.96
0.53
0.03
0.66
2.22
4.19
4.77
4.89
4.84
4.58
4.39
4.00
3.97
3.62
3.28
2.94
2.53
2.13
1.75
1.44
1.17
0.95
0.75
0.62
0.50
0.43
0.34
0.28
0.20
0.15
0.11
0.08
0.08
0.08
0.08
0.13
0.21
0.31
0.48
0.64
0.75
0.88
0.82
0.76
0.71
0.60
0.51
0.47
0.43
0.39
0.44
0.49
0.49
0.55
0.55
0.55
0.51
0.41
0.29
0.19
0.11
0.07
0.05
0.03
0.09
0.14
0.24
0.37
0.53
0.59
0.59
0.54
0.43
0.26
0.12
0.02
1.00
1.00
0.33
0.00
3.00
3.57
4.76
4.69
4.76
4.64
4.67
4.59
4.47
4.23
3.95
3.65
3.35
2.97
2.60
2.33
2.05
1.75
1.50
1.29
1.11
0.95
0.85
0.71
0.59
0.44
0.35
0.26
0.19
0.14
0.12
0.13
0.15
0.21
0.31
0.42
0.56
0.66
0.77
0.78
0.84
0.78
0.79
0.68
0.64
0.59
0.60
0.55
0.66
0.66
0.72
0.72
0.73
0.62
0.53
0.44
0.32
0.22
0.14
0.12
0.12
0.14
0.17
0.27
0.31
0.45
0.60
0.66
0.72
0.61
0.51
0.42
0.25
0.13
0.05
0.01
nan
nan
inf
4.50
4.00
3.86
4.26
4.25
4.31
4.09
4.08
3.89
3.66
3.39
3.12
2.85
2.57
2.36
2.13
1.94
1.79
1.60
1.37
1.24
1.06
0.85
0.72
0.55
0.41
0.26
0.21
0.16
0.15
0.15
0.15
0.24
0.34
0.46
0.56
0.66
0.77
0.83
0.83
0.78
0.73
0.68
0.68
0.69
0.69
0.75
0.81
0.81
0.82
0.82
0.77
0.66
0.56
0.43
0.31
0.22
0.16
0.14
0.14
0.14
0.20
0.31
0.39
0.49
0.54
0.59
0.55
0.55
0.45
0.37
0.29
0.19
0.11
0.06
0.03
0.02
0.01
0.01
0.01
0.02
0.05
0.12
0.21
0.48
0.78
1.24
1.79
2.31
2.73
3.18
3.24
3.41
3.46
3.38
3.30
3.10
2.92
2.54
2.40
2.18
1.87
1.52
1.28
0.93
0.69
0.49
0.36
0.25
0.19
0.19
0.19
0.23
0.34
0.47
0.57
0.74
0.86
0.93
0.99
0.93
0.86
0.80
0.74
0.74
0.75
0.75
0.81
0.87
0.87
0.88
0.81
0.75
0.64
0.48
0.35
0.28
0.18
0.12
0.10
0.13
0.15
0.21
0.29
0.37
0.46
0.52
0.52
0.47
0.42
0.29
0.26
0.16
0.11
0.07
0.02
1.00
nan
inf
4.00
4.00
4.00
3.76
3.70
3.60
3.50
2.88
2.48
1.97
1.60
0.73
0.19
0.00
0.12
0.86
1.85
2.98
3.65
4.21
4.27
4.61
4.31
4.31
4.07
3.89
3.56
3.28
2.73
2.28
1.78
1.24
0.82
0.41
0.19
0.05
0.00
1.00
1.45
1.87
1.83
1.73
1.54
1.43
1.21
1.04
0.89
0.77
0.66
0.55
0.57
0.59
0.48
0.28
0.30
0.14
0.08
0.04
0.01
0.00
0.01
0.04
0.10
0.30
0.77
1.19
1.94
2.47
2.98
3.12
2.92
3.06
2.91
2.49
2.40
2.31
2.25
1.95
1.71
1.48
1.65
1.44
1.62
1.60
1.98
2.15
2.55
2.94
3.31
3.66
3.73
3.81
3.39
3.04
2.53
2.11
1.57
1.14
0.67
0.32
0.15
0.02
1.00
1.60
1.67
2.13
2.31
2.47
2.56
2.39
2.30
2.03
1.86
1.73
1.45
1.23
1.04
1.04
0.88
0.89
1.06
1.05
1.22
1.39
1.37
1.73
2.09
2.21
2.55
2.84
2.67
2.53
2.22
1.97
1.58
1.12
0.86
0.64
0.36
0.17
0.04
0.00
0.08
0.18
0.51
0.87
1.31
1.63
1.97
2.32
2.25
1.83
1.63
1.02
0.65
0.29
0.08
0.00
1.00
1.80
2.27
1.67
1.47
1.00
1.00
0.27
0.08
0.00
0.36
1.45
2.77
3.76
5.76
5.92
6.33
6.05
6.04
5.96
5.31
4.90
4.39
4.02
3.42
2.97
2.49
1.97
1.55
1.21
0.91
0.67
0.53
0.34
0.24
0.20
0.21
0.17
0.13
0.17
0.18
0.14
0.19
0.24
0.30
0.37
0.44
0.61
0.70
0.80
1.02
1.13
1.12
1.12
1.01
0.80
0.71
0.53
0.39
0.26
0.21
0.16
0.08
0.05
0.06
0.03
0.01
1.00
2.00
2.25
2.29
2.77
2.58
2.56
2.13
2.25
1.68
1.56
1.20
0.63
0.42
0.25
0.12
0.00
0.03
0.14
0.57
1.24
0.89
1.24
1.63
1.63
1.58
1.16
1.16
0.81
0.81
0.53
0.83
0.83
0.83
1.20
2.06
3.03
3.46
3.79
4.12
3.84
3.60
3.38
3.19
2.24
2.16
1.75
1.12
0.64
0.16
0.02
1.00
1.00
1.00
0.33
0.00
2.00
4.00
3.57
4.45
4.50
4.80
4.45
4.27
4.10
4.00
3.64
3.15
3.04
2.75
2.33
2.01
1.74
1.53
1.34
1.18
1.04
0.91
0.91
0.79
0.68
0.69
0.70
0.82
0.95
1.09
1.38
1.53
1.67
1.82
1.95
2.27
2.39
2.50
2.60
2.70
2.60
2.69
2.43
2.36
2.14
2.09
2.05
2.01
1.97
1.94
2.20
2.30
2.41
2.50
2.59
2.53
2.62
2.55
2.49
2.30
2.25
2.21
2.17
1.88
1.86
1.50
1.28
0.99
0.74
0.46
0.30
0.14
0.05
0.01
1.00
1.69
1.92
2.09
2.21
2.30
2.24
2.08
1.99
1.94
1.79
1.68
1.48
1.32
1.19
0.97
0.79
0.63
0.41
0.30
0.20
0.12
0.08
0.03
0.01
0.02
0.02
0.04
0.04
0.07
0.11
0.23
0.30
0.48
0.59
0.59
0.71
0.72
0.72
0.61
0.62
0.52
0.42
0.26
0.20
0.14
0.09
0.02
1.00
2.00
1.33
2.67
2.50
2.08
1.79
1.67
1.56
1.47
0.94
0.25
0.07
0.00
0.31
0.69
1.23
2.57
3.06
2.88
3.20
2.91
2.78
2.56
2.37
2.79
2.61
2.53
2.38
2.78
2.63
2.50
2.38
2.27
2.22
2.57
2.47
2.77
2.67
2.96
2.82
3.11
3.36
3.21
2.68
2.25
1.59
1.07
0.48
0.22
0.00
1.00
1.00
3.00
1.80
2.29
2.00
3.00
2.40
2.58
2.23
2.46
2.70
2.38
2.56
2.75
2.88
2.57
2.73
2.49
2.65
2.45
2.62
2.45
2.59
2.44
2.56
2.43
2.57
2.44
2.33
2.46
2.36
2.48
2.38
2.30
2.42
2.33
2.26
2.38
2.30
2.24
2.36
2.29
2.22
2.17
2.29
2.23
2.17
2.30
2.41
2.18
2.13
2.08
2.20
2.16
2.11
2.23
2.18
2.14
2.10
2.07
2.03
2.14
2.10
2.07
2.04
2.01
2.11
2.08
2.05
2.02
1.99
1.96
1.94
1.92
1.89
1.87
1.85
1.96
1.93
1.91
1.89
1.87
1.85
1.95
1.93
1.91
1.89
1.99
1.85
1.84
1.82
1.80
1.90
1.89
1.87
1.85
1.84
1.82
1.81
1.79
1.78
1.77
1.75
1.74
1.83
1.82
1.81
1.69
1.78
1.77
1.65
1.75
1.74
1.73
1.71
1.70
1.69
1.68
1.68
1.67
1.66
1.65
1.64
1.63
1.62
1.62
1.61
1.60
1.59
1.59
1.58
1.67
1.56
1.65
1.55
1.54
1.54
1.53
1.53
1.61
1.51
1.60
1.59
1.59
1.58
1.57
1.57
1.56
1.56
1.55
1.55
1.54
1.53
1.53
1.61
1.52
1.51
1.51
1.50
1.50
1.49
1.49
1.49
1.48
1.48
1.47
1.47
1.46
1.46
1.54
1.45
1.45
1.44
1.44
1.44
1.43
1.51
1.43
1.42
1.42
1.41
1.41
1.41
1.41
1.40
1.40
1.48
1.39
1.39
1.47
1.38
1.38
1.38
1.46
1.37
1.37
1.37
1.36
1.36
1.36
1.36
1.36
1.28
1.35
1.35
1.43
1.34
1.34
1.42
1.34
1.33
1.33
1.33
1.41
1.33
1.40
1.32
1.32
1.32
1.32
1.39
1.39
1.39
1.39
1.38
1.38
1.38
1.30

