nan
nan
nan
nan
nan
nan
nan
nan
nan
nan
nan
nan
inf
nan
nan
nan
nan
inf
inf
inf
nan
nan
nan
nan
inf
inf
inf
inf
nan
inf
inf
nan
nan
inf
nan
inf
nan
inf
nan
inf
inf
inf
inf
inf
inf
inf
inf
inf
inf
inf
inf
inf
inf
inf
inf
inf
inf
inf
inf
inf
inf
nan
nan
nan
nan
nan
nan
nan
nan
nan
nan
nan
nan
nan
nan
nan
inf
nan
inf
inf
inf
inf
inf
nan
nan
inf
inf
inf
inf
inf
inf
36.00
64.00
33.33
30.25
28.80
28.00
25.60
24.92
22.56
20.00
19.36
25.48
26.88
24.45
22.54
24.27
27.80
26.57
22.11
17.66
14.15
11.24
6.94
2.36
0.05
0.55
2.03
3.06
3.21
3.15
2.73
2.35
2.33
2.47
2.44
2.75
2.88
3.02
3.33
3.28
3.22
3.34
3.47
3.41
3.35
3.12
3.07
2.86
2.67
2.49
2.32
2.16
1.88
1.74
1.61
1.38
1.17
1.07
0.88
0.80
0.64
0.57
0.57
0.44
0.38
0.32
0.23
0.18
0.15
0.11
0.08
0.11
0.11
0.12
0.15
0.19
0.24
0.19
0.20
0.20
0.20
0.20
0.12
0.09
0.16
0.25
0.25
0.25
0.49
0.91
1.45
1.82
1.95
1.94
1.54
0.63
0.02
1.55
5.80
11.51
16.27
16.66
13.07
8.06
4.28
2.09
0.98
0.55
0.29
0.21
0.17
0.14
0.14
0.11
0.11
0.11
0.11
0.09
0.09
0.09
0.12
0.09
0.09
0.09
0.07
0.07
0.07
0.05
0.05
0.05
0.05
0.05
0.07
0.07
0.07
0.09
0.09
0.12
nan
inf
3.00
2.67
2.50
3.06
2.78
2.29
2.38
2.81
2.77
2.44
2.18
1.47
1.17
0.93
0.72
0.74
0.97
0.97
0.75
0.40
0.15
0.07
0.16
0.29
1.16
2.44
3.11
2.52
1.21
0.14
0.25
1.27
1.83
1.49
0.38
0.06
1.25
3.26
4.32
3.61
1.49
0.05
1.03
4.65
8.25
9.80
9.07
6.76
4.01
1.57
0.14
0.36
2.41
5.45
8.07
9.33
9.32
8.45
7.29
5.98
4.58
3.49
2.49
1.80
1.25
0.88
0.58
0.40
0.25
0.17
0.08
0.05
0.02
0.01
0.00
0.00
0.00
0.00
0.00
0.00
1.00
1.69
1.92
1.97
1.78
1.45
0.83
0.31
0.03
0.01
0.03
0.00
0.16
1.02
2.60
3.61
3.83
3.10
2.21
1.27
0.51
0.08
0.01
1.00
1.64
1.93
1.98
1.85
1.23
0.48
0.02
0.41
1.29
1.78
1.66
0.89
0.24
0.02
1.00
1.00
2.78
3.23
3.21
3.06
2.99
2.54
2.03
1.34
0.74
0.26
0.00
0.23
0.80
1.19
1.47
1.15
0.66
0.17
0.00
1.00
1.78
2.00
2.05
1.98
1.85
1.37
1.04
0.67
0.38
0.23
0.17
0.26
0.75
1.23
1.98
2.92
3.48
3.48
2.90
2.49
1.88
1.14
0.61
0.30
0.10
0.06
0.10
0.21
0.61
1.36
2.32
3.56
4.32
4.96
4.65
4.24
3.42
2.63
1.66
0.93
0.36
0.08
0.00
0.11
0.33
0.60
0.85
0.94
0.94
0.95
0.95
0.86
0.77
0.61
0.47
0.25
0.09
0.00
nan
inf
3.20
3.20
3.38
3.25
3.32
2.89
2.53
2.47
2.57
2.40
2.52
2.73
2.77
2.70
2.76
2.51
2.24
1.86
1.49
1.11
0.75
0.56
0.48
0.44
0.45
0.60
0.78
0.97
1.24
1.38
1.44
1.42
1.26
1.11
0.98
0.86
0.80
0.75
0.87
1.00
1.27
1.57
1.88
2.10
2.14
2.18
1.96
1.68
1.37
1.09
0.85
0.75
0.65
0.65
0.81
0.99
1.32
1.68
2.15
2.56
2.96
3.07
2.97
2.80
2.38
1.94
1.56
1.11
0.79
0.57
0.38
0.26
0.18
0.10
0.05
0.02
0.00
0.00
0.00
0.00
0.01
0.06
0.11
0.20
0.33
0.45
0.53
0.58
0.68
0.79
0.96
1.08
1.35
1.63
1.78
1.93
1.83
1.58
1.29
0.97
0.75
0.52
0.40
0.40
0.37
0.45
0.58
0.78
0.89
1.01
1.14
1.13
1.13
1.01
0.89
0.78
0.73
0.68
0.84
0.90
1.08
1.34
1.63
1.86
2.10
2.08
1.98
1.73
1.42
1.15
0.91
0.70
0.65
0.65
0.70
0.86
1.16
1.50
1.88
2.29
2.73
2.99
3.04
2.81
2.50
2.13
1.65
1.30
1.00
0.69
0.47
0.33
0.21
0.14
0.08
0.04
0.01
1.00
1.61
1.83
1.90
1.86
1.63
1.62
1.50
1.42
1.48
1.31
1.27
1.14
1.02
0.82
0.48
0.22
0.03
0.02
0.26
0.59
0.92
1.18
1.04
0.92
0.60
0.27
0.07
0.00
nan
inf
3.00
2.67
2.50
2.08
1.23
0.75
0.36
0.10
0.11
0.44
0.50
1.78
3.27
5.40
7.04
6.92
6.69
5.63
4.96
4.20
3.39
2.57
1.52
0.94
0.51
0.29
0.30
0.42
0.55
0.87
1.44
1.88
2.31
2.76
3.15
3.53
3.58
3.89
3.90
3.65
3.20
2.62
1.79
1.14
0.55
0.17
0.00
0.04
0.17
0.40
0.60
0.72
0.98
0.98
1.12
1.27
1.42
1.41
1.40
1.24
0.95
0.49
0.24
0.02
nan
inf
4.00
3.20
3.27
3.52
3.27
3.19
3.13
3.07
2.60
2.08
1.52
0.95
0.52
0.14
0.00
0.15
0.48
0.98
1.38
2.06
2.47
2.84
3.15
3.41
3.89
4.25
4.05
3.67
3.19
2.80
2.15
1.36
0.77
0.35
0.06
0.00
1.00
1.64
1.78
1.92
1.83
2.25
2.49
2.46
2.63
2.74
2.66
2.76
2.56
2.31
1.89
1.47
1.05
0.64
0.33
0.12
0.01
0.00
0.04
0.07
0.07
0.05
0.03
0.00
1.00
2.00
2.29
2.27
1.79
2.12
1.39
0.89
0.89
0.89
1.39
2.33
3.24
3.78
3.60
3.52
3.07
2.40
1.33
0.82
0.28
0.02
0.02
0.18
0.50
0.72
0.73
1.00
1.00
0.73
0.52
0.34
0.09
0.02
1.00
1.50
1.29
0.20
0.80
3.13
4.76
4.56
4.38
3.97
3.76
3.43
2.90
2.55
2.32
2.00
1.75
1.68
1.50
1.47
1.43
1.41
1.27
1.26
1.14
1.03
0.84
0.67
0.60
0.53
0.54
0.55
0.64
0.73
1.03
1.25
1.60
1.83
2.07
2.30
2.37
2.43
2.50
2.28
2.22
2.03
1.99
1.71
1.58
1.45
1.34
1.23
1.23
1.22
1.31
1.51
1.60
1.80
2.01
2.09
2.30
2.37
2.32
2.27
2.00
1.86
1.64
1.52
1.33
1.15
1.06
0.91
0.76
0.63
0.52
0.32
0.20
0.08
0.03
0.00
0.01
0.03
0.03
0.03
0.00
0.01
1.00
1.80
2.27
2.12
1.71
1.88
1.69
1.20
0.86
0.86
0.33
0.36
0.17
0.05
0.00
0.21
0.47
1.80
3.52
6.13
7.20
7.90
7.19
6.73
6.08
5.33
4.37
3.69
2.79
1.96
1.46
1.05
0.72
0.54
0.38
0.25
0.19
0.20
0.15
0.11
0.07
0.07
0.04
0.04
0.08
0.12
0.18
0.25
0.41
0.51
0.74
1.01
1.15
1.15
1.14
1.14
0.99
0.86
0.73
0.42
0.26
0.13
0.05
0.01
1.00
1.64
2.08
2.17
2.41
2.53
2.36
2.28
2.12
1.90
1.65
1.35
1.12
0.92
0.75
0.60
0.40
0.35
0.24
0.20
0.12
0.05
0.03
0.01
0.02
0.02
0.02
0.04
0.04
0.07
0.17
0.31
0.40
0.40
0.61
0.62
0.74
0.75
0.75
0.76
0.64
0.44
0.35
0.27
0.05
0.02
1.00
1.60
1.67
2.37
2.44
2.20
2.38
2.50
2.37
2.29
2.44
2.19
2.01
1.87
1.60
1.40
1.08
0.94
0.71
0.61
0.51
0.43
0.35
0.36
0.37
0.37
0.49
0.61
0.88
1.03
1.36
1.70
2.05
2.20
2.32
2.44
2.35
2.47
2.19
2.12
1.89
1.85
1.65
1.63
1.61
1.59
1.57
1.70
1.84
1.81
1.94
2.06
2.03
2.15
2.10
1.91
1.88
1.85
1.98
1.94
2.07
2.03
2.00
1.82
1.80
1.51
1.14
0.83
0.49
0.24
0.11
0.03
0.00
0.01
0.03
0.03
0.03
0.05
0.03
