1.00
1.00
1.00
1.00
4.50
4.00
1.80
0.25
1.00
1.00
3.20
0.80
5.14
8.89
6.32
4.33
4.92
3.63
1.03
0.02
0.07
1.14
4.38
6.55
7.13
8.25
9.13
9.09
8.44
7.27
5.61
4.00
2.36
1.39
0.76
0.45
0.28
0.19
0.16
0.13
0.14
0.14
0.14
0.15
0.18
0.15
0.12
0.13
0.13
0.10
0.11
0.11
0.11
0.11
0.11
0.15
0.22
0.27
0.32
0.43
0.49
0.55
0.63
0.78
0.86
0.86
0.78
0.78
0.79
0.64
0.51
0.45
0.34
0.20
0.13
0.08
0.05
0.02
1.00
1.50
2.08
1.23
0.36
0.11
1.00
1.60
0.90
0.44
0.12
0.00
0.00
0.00
0.17
2.29
4.50
3.60
3.27
1.45
0.09
0.10
0.40
0.00
nan
nan
4.00
3.57
2.77
2.58
2.13
1.09
0.73
0.73
1.57
2.46
3.13
3.60
3.06
2.72
1.79
1.14
0.88
0.65
0.91
0.91
1.19
1.79
1.42
1.69
1.98
2.60
3.56
4.82
6.25
6.84
6.45
5.59
4.13
2.44
0.99
0.08
0.19
1.18
2.67
3.93
4.92
4.75
4.61
3.85
2.88
1.96
1.13
0.71
0.32
0.12
0.03
0.00
0.00
0.01
0.06
0.09
0.18
0.24
0.24
0.24
0.25
0.32
0.25
0.20
0.20
0.10
0.07
0.07
0.07
0.11
0.16
0.22
0.22
0.16
0.07
0.02
1.00
2.00
1.33
0.00
2.00
3.00
3.20
1.80
0.80
0.00
0.25
0.25
0.00
1.00
2.00
2.25
2.29
1.78
1.60
1.45
2.08
1.79
1.67
2.12
2.00
1.80
1.25
0.47
0.22
0.00
0.00
0.00
0.00
0.07
0.31
0.69
1.79
2.57
3.06
3.56
2.58
1.89
0.47
0.00
1.00
1.64
1.98
2.12
2.23
2.25
2.11
1.97
1.78
1.65
1.50
1.39
1.30
1.17
1.06
0.96
0.78
0.63
0.46
0.34
0.26
0.19
0.15
0.16
0.16
0.17
0.17
0.18
0.16
0.16
0.17
0.20
0.21
0.24
0.28
0.29
0.33
0.34
0.43
0.48
0.53
0.59
0.65
0.66
0.66
0.67
0.61
0.57
0.52
0.47
0.43
0.39
0.35
0.31
0.27
0.20
0.14
0.09
0.07
0.05
0.07
0.08
0.13
0.19
0.32
0.47
0.59
0.66
0.60
0.48
0.33
0.17
0.04
0.00
0.04
0.11
0.15
0.12
0.07
0.00
0.05
0.28
0.85
1.50
2.30
3.08
3.60
3.80
3.83
3.72
3.61
3.37
3.15
2.96
2.65
2.26
1.82
1.43
1.09
0.74
0.56
0.41
0.36
0.32
0.32
0.33
0.33
0.29
0.33
0.29
0.29
0.34
0.34
0.34
0.44
0.44
0.45
0.50
0.51
0.56
0.63
0.69
0.83
0.91
0.99
0.84
0.77
0.70
0.64
0.64
0.58
0.58
0.58
0.52
0.47
0.32
0.24
0.17
0.08
0.06
0.06
0.11
0.14
0.25
0.39
0.50
0.69
0.76
0.69
0.70
0.50
0.30
0.14
0.03
1.00
1.80
2.00
2.08
2.45
2.37
2.00
1.78
1.64
1.23
1.20
1.20
1.17
1.45
1.42
1.72
1.65
1.28
0.98
0.51
0.09
0.02
0.21
0.86
1.49
1.80
1.76
1.72
1.04
0.35
0.02
1.00
1.69
2.15
2.25
2.46
2.46
2.50
2.53
2.36
2.36
2.28
2.15
1.97
1.85
1.52
1.34
1.05
0.82
0.61
0.44
0.33
0.26
0.24
0.25
0.19
0.16
0.14
0.09
0.07
0.07
0.08
0.08
0.11
0.17
0.25
0.30
0.35
0.41
0.42
0.48
0.49
0.50
0.50
0.51
0.51
0.52
0.59
0.60
0.67
0.60
0.61
0.48
0.36
0.22
0.11
0.02
0.00
0.01
0.04
0.06
0.02
0.00
0.02
1.00
1.64
1.78
1.49
1.11
0.84
0.41
0.03
0.03
0.32
1.24
2.45
3.03
3.84
3.94
4.00
3.72
3.80
3.56
3.41
3.29
2.98
2.54
2.21
2.10
1.85
1.64
1.31
1.17
1.16
1.15
1.15
1.02
1.02
1.02
0.89
0.90
0.68
0.59
0.59
0.60
0.60
0.61
0.83
1.52
1.98
2.67
3.38
3.85
4.06
3.83
3.25
2.77
2.06
1.61
1.47
1.11
1.00
1.00
1.10
1.33
1.57
1.95
2.36
2.62
3.03
3.11
3.18
2.92
2.69
2.35
2.04
1.65
1.41
1.11
0.76
0.47
0.26
0.08
0.02
1.00
2.00
2.25
1.80
0.80
0.00
1.00
3.57
4.45
4.50
4.80
4.89
4.52
4.20
4.05
3.92
3.58
3.56
3.14
2.65
2.46
2.14
1.74
1.55
1.52
1.36
1.21
1.20
1.20
1.19
1.18
1.17
1.05
0.94
0.74
0.65
0.48
0.49
0.58
0.68
0.89
1.25
1.79
2.23
2.67
2.92
3.16
3.19
3.05
2.62
2.24
1.79
1.52
1.39
1.16
1.16
1.26
1.36
1.59
1.69
1.92
2.02
2.25
2.48
2.57
2.64
2.72
2.66
2.46
2.28
2.00
1.64
1.23
0.88
0.59
0.36
0.19
0.07
0.02
1.00
1.60
1.81
1.98
2.11
2.36
2.24
2.19
2.18
2.07
1.88
1.65
1.57
1.22
1.02
0.94
0.70
0.57
0.39
0.24
0.16
0.06
0.02
0.01
0.01
0.01
0.01
0.03
0.05
0.13
0.13
0.13
0.14
0.14
0.10
0.10
0.15
0.21
0.28
0.44
0.65
0.76
1.02
1.15
1.15
1.01
0.76
0.46
0.17
0.08
0.00
1.00
2.00
1.33
2.25
1.80
1.50
0.80
0.80
0.00
0.25
1.00
3.20
4.17
3.13
2.78
2.50
1.60
0.90
0.10
0.00
1.00
1.80
2.27
2.67
2.25
2.42
2.02
1.81
1.41
0.91
0.38
0.15
0.00
0.08
0.49
0.72
0.98
1.56
1.53
1.50
0.91
0.91
0.91
0.68
0.69
0.69
0.49
0.33
0.33
0.34
0.54
0.78
1.07
1.36
1.69
1.69
2.00
1.96
1.92
2.24
1.82
1.16
0.89
0.30
0.08
0.02
1.00
1.80
2.27
2.12
2.04
1.75
1.94
1.73
1.29
1.26
0.92
0.95
0.68
0.69
0.69
0.71
0.74
0.74
1.06
1.40
1.78
2.13
2.44
2.75
2.57
2.42
2.28
1.50
1.19
0.68
0.17
0.00
0.08
0.75
1.31
2.37
3.13
3.88
4.52
5.01
5.00
5.01
4.94
4.57
3.54
3.06
2.37
1.59
1.16
0.81
0.52
0.30
0.21
0.14
0.08
0.08
0.08
0.08
0.08
0.04
0.04
0.01
1.00
1.60
2.00
1.88
1.63
1.78
1.60
1.49
1.42
1.36
1.04
1.04
0.78
0.78
0.80
0.57
0.84
0.84
1.14
1.45
1.76
1.72
2.00
2.28
2.57
2.05
1.67
1.33
1.31
1.03
0.80
0.60
0.15
0.02
0.07
0.30
0.91
1.79
2.48
3.21
4.31
4.44
5.00
4.55
3.84
3.27
2.51
1.88
1.37
0.78
0.48
0.35
0.25
0.16
0.09
0.09
0.04
0.04
0.01

