nan
nan
inf
inf
inf
nan
inf
nan
inf
inf
inf
inf
inf
nan
inf
inf
inf
inf
inf
inf
9.00
9.00
9.00
8.00
5.33
5.33
4.00
2.25
2.25
2.25
2.25
3.20
3.20
3.20
3.20
1.50
1.50
1.50
1.50
2.67
4.17
7.00
7.11
8.10
8.33
7.14
7.12
6.37
6.86
6.00
4.65
4.48
4.17
4.65
4.36
4.11
3.89
4.33
4.67
6.28
9.13
11.39
12.80
14.30
16.03
16.33
18.94
20.56
19.29
18.62
17.13
14.19
11.34
9.65
6.94
4.33
2.63
1.11
0.19
0.00
0.20
0.62
1.04
1.32
1.44
1.49
1.61
1.66
1.72
1.70
1.69
1.68
1.67
1.72
1.71
1.69
1.68
1.61
1.54
1.41
1.29
1.23
1.18
1.07
1.02
0.92
0.92
0.83
0.79
0.75
0.75
0.67
0.67
0.63
0.68
0.64
0.64
0.68
0.60
0.57
0.50
0.46
0.43
0.34
0.28
0.29
0.21
0.17
0.15
0.13
0.10
0.05
0.07
0.07
0.07
0.14
0.20
0.20
0.26
0.44
0.56
0.78
1.44
1.98
2.12
2.26
1.87
0.90
0.18
0.03
1.00
1.39
1.03
0.07
1.41
3.90
4.51
4.46
4.19
3.86
3.50
3.12
2.71
2.33
1.99
1.65
1.36
1.13
0.92
0.78
0.65
0.57
0.50
0.46
0.41
0.37
0.35
0.33
0.31
0.29
0.29
0.27
0.28
0.30
0.33
0.38
0.40
0.46
0.48
0.50
0.53
0.55
0.58
0.60
0.61
0.59
0.56
0.56
0.57
0.55
0.56
0.56
0.53
0.48
0.44
0.41
0.40
0.42
0.46
0.51
0.55
0.60
0.62
0.60
0.61
0.57
0.55
0.51
0.50
0.54
0.61
0.68
0.76
0.79
0.74
0.60
0.40
0.20
0.06
0.00
0.02
0.06
0.06
0.02
0.01
0.15
0.57
1.27
2.17
3.04
3.71
4.10
4.25
4.00
3.62
3.18
2.66
2.20
1.80
1.52
1.26
1.05
0.87
0.75
0.64
0.58
0.52
0.48
0.45
0.42
0.40
0.39
0.39
0.41
0.43
0.45
0.49
0.53
0.57
0.60
0.64
0.69
0.72
0.74
0.74
0.74
0.75
0.72
0.70
0.70
0.68
0.68
0.61
0.59
0.53
0.49
0.46
0.48
0.50
0.52
0.57
0.63
0.66
0.66
0.66
0.66
0.62
0.60
0.58
0.58
0.63
0.70
0.80
0.86
0.83
0.73
0.54
0.31
0.12
0.02
1.00
1.58
1.85
1.95
1.95
1.92
1.80
1.67
1.49
1.30
1.12
0.94
0.77
0.63
0.49
0.38
0.29
0.19
0.12
0.07
0.03
0.01
0.00
0.00
0.00
0.00
0.00
0.00
0.00
1.00
1.47
1.32
0.53
0.00
1.14
3.05
3.67
3.20
2.91
2.18
1.47
1.17
0.93
1.16
1.95
2.42
3.41
4.21
4.17
4.12
3.38
2.44
1.43
0.51
0.08
0.05
0.36
0.46
0.28
0.02
1.00
1.47
1.77
1.80
1.75
1.62
1.49
1.28
1.12
0.88
0.57
0.33
0.15
0.02
0.02
0.18
0.50
0.83
1.13
1.45
1.51
1.65
1.69
1.65
1.69
1.65
1.45
1.27
1.04
0.90
0.61
0.41
0.26
0.16
0.11
0.11
0.21
0.33
0.43
0.55
0.67
0.74
0.75
0.75
0.69
0.63
0.63
0.77
0.92
1.25
1.71
2.10
2.39
2.55
2.48
2.20
1.67
1.14
0.66
0.31
0.11
0.05
0.05
0.09
0.33
0.79
1.70
3.02
4.55
5.66
6.53
6.51
6.20
5.39
4.25
3.02
1.90
0.99
0.35
0.03
0.03
0.23
0.52
0.87
1.10
1.23
1.29
1.22
1.09
0.91
0.65
0.40
0.20
0.06
0.00
1.00
1.55
1.80
1.70
1.49
1.17
0.56
0.07
0.12
1.09
2.55
3.30
3.64
3.44
3.07
2.51
1.82
1.15
0.55
0.13
0.00
0.25
0.84
1.62
2.41
3.08
3.55
3.93
4.01
3.85
3.53
3.09
2.57
2.08
1.60
1.16
0.79
0.54
0.36
0.22
0.09
0.03
1.00
1.80
1.50
1.29
0.67
0.20
0.00
0.25
0.00
0.33
4.00
7.11
8.05
7.53
7.38
6.67
5.72
4.76
3.78
2.64
1.72
1.05
0.40
0.06
0.00
1.00
2.00
2.53
2.68
2.90
2.85
2.84
2.64
2.33
2.06
1.70
1.19
0.73
0.39
0.18
0.05
0.00
0.00
0.00
0.02
0.21
0.58
1.24
2.19
2.91
3.55
3.94
3.97
3.73
3.30
2.86
2.40
1.76
1.25
0.72
0.30
0.06
0.01
1.00
1.61
2.02
2.15
2.26
2.26
2.19
1.99
1.88
1.57
1.19
0.83
0.48
0.16
0.00
0.12
0.54
1.15
1.80
2.47
2.96
2.94
3.13
2.97
2.85
2.57
2.34
2.08
1.64
1.27
0.91
0.53
0.25
0.09
0.00
1.00
1.80
2.40
2.61
2.86
3.15
3.23
3.25
3.12
3.05
2.90
2.71
2.39
2.09
1.70
1.25
0.83
0.46
0.16
0.01
0.05
0.30
0.62
1.04
1.45
1.79
2.03
2.25
2.36
2.25
2.08
1.83
1.46
1.01
0.60
0.30
0.08
0.00
1.00
1.55
1.87
2.08
2.14
2.13
2.07
1.98
1.79
1.66
1.36
1.01
0.67
0.37
0.15
0.01
0.03
0.17
0.38
0.60
0.74
0.75
0.75
0.63
0.52
0.37
0.33
0.21
0.18
0.15
0.12
0.07
0.05
0.02
1.00
1.50
1.29
0.67
0.20
2.29
4.76
4.90
5.00
4.86
4.65
4.64
4.42
4.26
4.13
4.03
3.85
3.65
3.35
3.07
2.79
2.40
2.04
1.60
1.29
0.98
0.69
0.51
0.35
0.24
0.19
0.16
0.13
0.13
0.15
0.17
0.22
0.25
0.30
0.33
0.40
0.43
0.51
0.59
0.67
0.76
0.89
0.99
1.09
1.09
1.09
0.99
0.80
0.64
0.46
0.31
0.19
0.11
0.07
0.04
0.04
0.04
0.07
0.10
0.16
0.24
0.30
0.43
0.51
0.56
0.56
0.56
0.49
0.41
0.29
0.20
0.12
0.05
0.01
0.00
0.01
0.01
0.02
0.01
0.00
0.00
1.00
1.53
1.82
1.70
1.67
1.33
1.08
0.72
0.43
0.12
0.01
0.02
0.15
0.29
0.46
0.31
0.18
0.02
nan
inf
3.20
3.38
3.52
3.47
3.42
3.38
3.12
3.09
2.88
2.75
2.59
2.41
2.35
2.17
2.03
1.92
1.77
1.70
1.53
1.39
1.26
1.09
0.90
0.78
0.66
0.59
0.53
0.54
0.58
0.67
0.80
1.00
1.21
1.37
1.59
1.81
1.90
1.99
2.01
2.02
1.91
1.81
1.72
1.64
1.51
1.44
1.32
1.22
1.16
1.16
1.16
1.20
1.24
1.39
1.48
1.69
1.83
1.98
2.07
2.15
2.17
2.19
2.15
2.06
1.92
1.73
1.56
1.36
1.13
0.89
0.65
0.45
0.28
0.18
0.08
0.03
0.01
0.00
0.00
0.00
0.00
0.02
0.06
0.14
0.25
0.38
0.52
0.70
0.85
0.94
1.07
1.16
1.20
1.25
1.29
1.29
1.29
1.24
1.18
1.09
0.96
0.88
0.72
0.62
0.52
0.43
0.41
0.38
0.41
0.44
0.54
0.64
0.76
0.92
1.10
1.29
1.49
1.60
1.64
1.69
1.74
1.67
1.61
1.49
1.38
1.28
1.23
1.13
1.09
1.04
1.04
1.09
1.13
1.27
1.37
1.46
1.62
1.78
1.88
2.05
2.09
2.14
2.12
2.10
2.03
1.84
1.67
1.51
1.26
1.04
0.80
0.56
0.37
0.23
0.13
0.05
0.02
1.00
1.55
1.87
2.08
2.22
2.09
2.04
1.96
1.85
1.63
1.34
1.18
0.98
0.76
0.57
0.40
0.26
0.15
0.06
0.02
0.00
0.01
0.02
0.06
0.08
0.09
0.06
0.05
0.01
1.00
1.00
1.00
4.00
4.00
4.00
4.05
3.78
4.17
3.75
3.77
3.51
3.15
2.92
2.59
2.36
2.18
1.90
1.67
1.48
1.20
1.08
0.96
0.96
0.97
0.97
1.20
1.19
1.43
1.54
1.65
1.89
2.13
2.36
2.57
2.61
2.65
2.54
2.44
2.23
1.79
1.42
1.02
0.54
0.22
0.04
0.01
0.15
0.39
0.68
1.04
1.24
1.23
1.22
1.22
1.11
0.92
0.67
0.46
0.24
0.06
0.00
1.00
2.00
2.25
1.00
0.00
1.33
3.20
4.00
4.27
4.84
4.45
4.17
4.01
3.88
3.54
3.05
2.72
2.71
2.48
2.31
2.17
1.89
1.66
1.61
1.42
1.40
1.38
1.22
1.21
1.20
1.48
1.61
1.89
2.17
2.44
2.69
2.92
2.96
2.99
2.84
2.56
2.18
1.72
1.23
0.74
0.44
0.13
0.01
1.00
1.60
2.00
2.13
2.27
2.16
1.83
1.68
1.33
0.86
0.36
0.02
0.15
0.83
2.22
3.66
4.75
5.04
5.40
5.09
4.87
4.51
4.24
3.89
3.49
3.06
2.72
2.22
1.92
1.57
1.12
0.75
0.51
0.31
0.20
0.11
0.06
0.03
1.00
1.47
1.57
1.09
0.73
0.45
0.06
0.56
1.47
3.52
4.69
5.07
5.07
4.72
4.72
4.04
3.81
3.47
3.08
2.63
2.31
1.92
1.61
1.25
1.04
0.94
0.77
0.69
0.62
0.63
0.56
0.65
0.83
0.92
1.12
1.23
1.44
1.66
1.88
1.96
2.18
2.39
2.45
2.50
2.56
2.60
2.64
2.56
2.48
2.29
2.12
2.07
1.93
1.79
1.67
1.74
1.63
1.70
1.78
1.86
2.03
2.21
2.27
2.44
2.50
2.55
2.60
2.33
2.19
1.96
1.67
1.33
1.03
0.78
0.51
0.34
0.17
0.08
0.02
0.00
0.00
0.02
0.03
0.05
0.05
0.03
0.01
1.00
nan
inf
inf
4.50
4.17
4.57
4.48
4.59
4.51
4.37
4.45
4.25
4.09
3.83
3.66
3.41
3.24
3.00
2.73
2.43
2.19
1.84
1.55
1.23
0.97
0.74
0.60
0.46
0.35
0.28
0.25
0.23
0.27
0.24
0.28
0.32
0.37
0.47
0.52
0.64
0.77
0.84
0.90
0.91
0.91
0.91
0.84
0.85
0.78
0.66
0.61
0.50
0.46
0.37
0.28
0.25
0.18
0.12
0.10
0.08
0.06
0.06
0.06
0.06
0.08
0.11
0.14
0.14
0.14
0.18
0.18
0.15
0.12
0.09
0.05
0.03
0.01
0.00
0.00
0.00
0.00
0.00
0.00
0.02
nan
inf
4.00
3.00
1.33
1.33
1.33
0.00
0.00
1.33
4.00
6.00
5.82
5.88
5.54
5.44
4.79
4.34
4.07
3.86
3.11
2.83
2.63
2.45
2.08
2.00
1.70
1.67
1.63
1.60
1.98
1.93
2.08
2.23
2.59
2.72
2.59
2.70
2.59
2.50
2.21
1.97
1.75
1.41
1.11
0.73
0.44
0.16
0.02
1.00
1.00
1.00
1.00
1.00
0.33
0.33
3.00
4.17
5.33
5.76
5.92
5.73
5.20
5.12
5.00
4.67
4.44
4.26
3.82
3.51
3.15
2.76
2.46
2.01
1.74
1.42
1.15
0.92
0.72
0.55
0.39
0.35
0.31
0.28
0.24
0.29
0.34
0.35
0.40
0.47
0.53
0.67
0.67
0.75
0.75
0.69
0.76
0.77
0.85
0.77
0.78
0.71
0.71
0.57
0.45
0.34
0.25
0.17
0.14
0.08
0.05
0.04
0.02
0.01
0.01
0.02
0.04
0.04
0.06
0.06
0.06
0.06
0.06
0.04
0.02
1.00
2.00
2.25
2.29
1.78
1.60
0.90
0.44
0.00
0.57
2.00
3.60
4.27
4.76
4.48
4.11
4.02
3.45
3.44
3.06
2.80
2.92
2.68
2.23
2.11
2.30
1.94
1.87
2.06
1.99
1.94
2.12
2.05
2.47
2.38
2.54
2.68
2.56
2.47
2.38
2.09
1.84
1.61
1.09
0.80
0.46
0.14
0.02
nan
inf
inf
4.00
3.00
2.25
2.25
1.00
1.00
0.25
0.00
0.33
2.25
6.00
7.36
7.58
7.26
7.37
7.05
6.44
6.01
5.43
5.02
4.73
4.12
3.68
3.18
2.65
2.36
1.87
1.58
1.33
1.02
0.84
0.60
0.47
0.35
0.36
0.30
0.31
0.32
0.32
0.33
0.39
0.40
0.40
0.48
0.56
0.65
0.74
0.94
1.05
1.05
1.05
0.94
0.94
0.84
0.66
0.50
0.36
0.24
0.20
0.11
0.08
0.05
0.03
1.00
1.80
2.27
2.33
2.45
2.27
2.48
2.61
2.20
2.44
2.15
2.17
1.99
2.05
1.74
1.66
1.43
1.24
1.08
0.93
0.80
0.68
0.69
0.58
0.59
0.60
0.74
0.74
1.04
1.20
1.36
1.70
1.86
2.21
2.35
2.46
2.57
2.68
2.77
2.85
2.73
2.81
2.89
2.77
2.67
2.57
2.49
2.25
2.20
2.14
2.10
2.20
2.15
2.25
2.21
2.31
2.40
2.34
2.29
2.39
2.19
2.02
1.86
1.60
1.47
1.15
0.87
0.63
0.43
0.27
0.11
0.06
0.01
0.00
0.01
0.02
0.04
0.04
0.02
0.01
1.00
2.00
1.45
2.12
2.13
2.45
2.69
2.48
2.68
2.56
2.25
2.03
2.10
1.74
1.65
1.41
1.37
1.17
1.00
1.00
0.70
0.58
0.59
0.60
0.61
0.62
0.78
0.94
1.12
1.30
1.47
1.88
2.05
2.46
2.58
2.71
2.83
2.92
3.02
2.88
2.96
2.83
2.93
2.60
2.51
2.43
2.36
2.30
2.24
2.02
2.14
2.26
2.21
2.16
2.27
2.22
2.33
2.28
2.39
2.34
2.14
1.95
1.66
1.40
1.16
0.85
0.52
0.39
0.22
0.10
0.03
0.00
0.00
0.01
0.03
0.05
0.05
0.03

