1.00
1.00
1.00
1.00
1.00
1.00
1.00
nan
inf
inf
inf
inf
inf
inf
nan
inf
inf
inf
inf
inf
inf
inf
inf
inf
inf
inf
inf
inf
inf
inf
inf
inf
inf
inf
inf
inf
inf
inf
inf
inf
inf
inf
inf
inf
inf
inf
inf
inf
inf
inf
inf
inf
inf
inf
inf
inf
inf
inf
inf
nan
inf
inf
inf
inf
inf
nan
nan
nan
nan
nan
nan
nan
inf
inf
inf
inf
nan
inf
inf
nan
nan
nan
nan
nan
nan
nan
nan
inf
nan
nan
nan
nan
nan
nan
nan
inf
nan
nan
nan
nan
nan
nan
nan
nan
nan
nan
nan
nan
nan
nan
inf
inf
nan
nan
nan
nan
inf
inf
inf
inf
inf
25.00
49.00
64.00
50.00
48.00
45.00
45.13
48.00
44.26
46.29
48.09
45.15
46.68
46.92
42.88
36.96
30.14
23.41
19.21
14.68
9.47
4.38
0.83
0.01
0.63
1.41
1.81
2.12
2.22
2.09
1.97
2.06
2.05
2.03
1.91
1.90
1.89
2.09
2.08
2.29
2.27
2.36
2.23
2.22
2.20
2.08
1.96
1.95
1.84
1.73
1.54
1.45
1.36
1.27
1.19
1.11
1.04
0.96
0.89
0.90
0.83
0.76
0.70
0.64
0.65
0.59
0.59
0.54
0.49
0.49
0.44
0.44
0.39
0.35
0.35
0.35
0.35
0.27
0.31
0.31
0.27
0.36
0.46
0.51
0.68
1.03
1.63
2.71
4.02
4.72
4.64
3.83
2.64
1.10
0.03
0.75
4.05
9.82
15.32
17.05
14.97
10.61
6.17
3.24
1.49
0.68
0.34
0.18
nan
inf
inf
4.00
4.00
3.57
3.77
3.68
3.33
2.31
1.03
0.27
0.03
0.04
0.00
0.62
2.79
5.63
6.33
5.41
3.44
1.41
0.11
0.31
1.48
1.99
0.76
0.05
2.94
9.00
12.38
12.72
11.48
9.32
6.90
4.47
2.44
0.84
0.04
0.24
1.31
2.65
3.86
4.31
4.36
3.85
3.14
2.48
1.79
1.18
0.75
0.42
0.23
0.10
0.04
0.01
1.00
1.20
0.39
1.09
3.66
4.33
4.25
4.04
3.77
3.37
2.83
2.30
1.72
1.05
0.51
0.13
0.00
0.14
0.49
0.90
1.21
1.39
1.37
1.30
1.06
0.85
0.63
0.39
0.25
0.14
0.05
0.01
1.00
1.69
2.25
2.24
2.06
1.89
1.42
0.88
0.48
0.19
0.09
0.22
0.51
1.38
2.42
3.58
4.03
3.61
3.03
2.06
1.15
0.39
0.04
0.01
0.08
0.05
0.00
0.21
1.33
2.98
5.16
6.60
7.21
7.05
6.15
5.12
3.60
2.31
1.24
0.43
0.02
1.00
1.79
2.25
2.45
2.56
2.91
3.05
3.10
3.12
3.23
3.19
3.01
2.89
2.68
2.41
2.22
2.01
1.85
1.77
1.71
1.65
1.56
1.47
1.27
1.01
0.86
0.69
0.57
0.55
0.62
0.73
0.88
1.13
1.30
1.43
1.41
1.30
1.16
0.99
0.84
0.81
0.85
0.97
1.17
1.49
1.77
2.00
2.18
2.18
1.97
1.69
1.35
1.06
0.77
0.62
0.53
0.54
0.63
0.87
1.26
1.71
2.32
2.91
3.44
3.70
3.74
3.53
3.12
2.54
1.91
1.32
0.84
0.47
0.24
0.11
0.04
0.01
0.00
0.00
0.00
0.00
0.00
0.01
0.03
1.00
2.00
0.00
3.20
4.05
4.17
3.88
3.70
3.31
2.68
2.20
1.52
0.94
0.37
0.05
0.01
1.00
1.60
1.93
2.02
2.18
2.18
2.31
2.36
2.30
2.23
2.14
1.96
1.74
1.49
1.26
1.03
0.84
0.67
0.57
0.48
0.40
0.32
0.25
0.17
0.10
0.06
0.03
0.02
0.01
0.03
0.07
0.14
0.27
0.47
0.61
0.72
0.77
0.73
0.62
0.53
0.43
0.38
0.36
0.36
0.43
0.50
0.58
0.66
0.70
0.67
0.59
0.45
0.31
0.19
0.08
0.02
1.00
1.53
1.47
1.32
0.86
0.38
0.00
0.48
1.47
2.52
2.78
2.69
2.14
1.75
1.46
1.04
0.87
0.88
0.88
1.25
1.65
2.05
2.42
2.30
1.97
1.50
0.81
0.17
0.01
1.00
1.88
2.22
2.49
2.63
2.60
2.22
1.93
1.56
1.05
0.66
0.31
0.08
0.00
0.04
0.18
0.36
0.51
0.53
0.54
0.47
0.28
0.06
0.01
1.00
1.47
1.57
1.09
0.21
0.24
1.89
3.78
4.49
4.40
4.27
4.15
3.69
3.58
3.20
2.68
2.19
1.60
1.06
0.51
0.12
0.00
0.16
0.58
1.24
1.81
2.41
2.70
2.96
3.19
3.11
3.05
2.99
2.59
2.26
1.79
1.32
0.86
0.40
0.14
0.01
1.00
1.47
1.81
1.98
1.65
1.75
1.59
1.47
1.41
1.35
1.55
1.97
2.59
3.06
2.94
2.85
2.56
1.79
1.23
0.56
0.09
0.02
0.31
0.77
1.08
1.07
0.92
0.53
0.17
0.03
1.00
1.53
1.73
2.03
1.95
1.69
1.54
1.19
0.92
0.49
0.05
0.02
0.40
1.20
1.85
2.69
3.39
3.72
4.28
4.32
4.47
4.41
4.22
3.84
3.45
2.95
2.30
1.79
1.24
0.81
0.48
0.23
0.08
0.03
1.00
1.50
2.08
2.33
2.45
2.52
2.09
1.83
1.43
0.93
0.25
0.00
0.16
0.91
1.75
2.64
3.04
2.74
2.50
1.80
1.27
0.69
0.28
0.01
1.00
1.60
1.67
1.80
1.57
1.09
1.09
0.19
0.00
0.24
1.39
2.91
4.17
4.78
4.65
4.13
3.81
3.61
2.63
1.94
1.23
0.86
0.32
0.04
0.09
0.48
1.61
3.17
4.77
5.73
6.41
7.06
6.70
6.38
5.73
4.89
4.10
3.20
2.25
1.53
0.73
0.27
0.05
0.00
nan
nan
inf
4.50
3.57
3.50
3.05
3.23
2.95
2.47
1.89
1.47
0.89
0.47
0.18
0.00
0.20
0.58
1.11
1.42
2.13
1.65
1.31
1.00
0.73
0.52
0.09
0.02
1.00
2.00
0.50
1.00
1.00
1.00
4.50
4.00
5.44
5.06
5.14
4.67
5.14
4.90
5.24
5.31
5.25
5.33
4.98
4.87
4.51
4.01
3.43
2.82
2.36
1.83
1.41
1.06
0.82
0.62
0.53
0.45
0.38
0.35
0.31
0.28
0.25
0.23
0.23
0.24
0.24
0.32
0.41
0.51
0.68
0.81
1.01
1.24
1.31
1.38
1.37
1.44
1.35
1.19
1.04
0.84
0.60
0.45
0.33
0.22
0.16
0.13
0.11
0.09
0.09
0.09
0.12
0.14
0.21
0.25
0.33
0.38
0.39
0.39
0.35
0.26
0.19
0.13
0.06
0.03
0.01
0.00
0.00
0.00
0.00
0.01
0.01
nan
inf
4.00
2.00
3.00
2.25
1.80
2.67
2.29
2.00
1.12
0.50
0.14
0.14
1.29
2.29
3.13
3.60
4.08
5.40
5.26
4.35
3.85
3.45
2.61
1.12
0.13
0.30
2.61
5.30
8.82
9.80
10.45
10.07
8.99
7.95
6.95
5.78
4.94
4.11
3.47
2.81
2.40
1.93
1.42
1.20
0.82
0.59
0.39
0.24
0.15
0.09
0.06
0.02
0.02
0.02
0.04
0.07
0.18
0.34
0.63
0.81
1.12
1.47
1.72
1.83
1.81
1.79
1.51
1.38
1.15
0.76
0.52
0.32
0.17
0.07
0.01
nan
inf
4.00
3.20
3.27
3.52
3.27
3.50
3.24
3.15
3.08
2.63
2.52
2.09
1.79
1.40
1.22
0.81
0.50
0.25
0.13
0.05
0.01
0.02
0.06
0.11
0.17
0.17
0.18
0.12
0.12
0.07
0.07
0.08
0.08
0.08
0.08
0.15
0.15
0.15
0.16
0.16
0.26
0.37
0.52
0.85
1.26
1.48
1.72
1.96
1.92
1.64
1.38
0.62
0.16
0.01
1.00
1.60
2.00
1.88
1.94
1.98
2.00
2.09
1.86
1.70
1.61
1.53
1.48
1.42
1.62
1.57
1.52
1.47
1.66
1.61
1.80
1.73
1.91
2.06
2.22
2.60
2.68
2.77
2.83
2.67
2.53
2.22
1.78
1.25
0.71
0.40
0.08
0.01
0.14
0.55
0.92
1.56
2.11
2.46
2.80
2.69
2.82
2.50
2.24
1.84
1.49
1.06
0.70
0.34
0.11
0.02
1.00
1.47
1.57
1.94
1.88
1.65
1.25
0.96
0.34
0.10
0.03
0.43
1.64
2.69
3.95
4.75
5.19
5.32
5.08
4.88
4.33
3.94
3.67
3.30
2.88
2.68
2.27
1.93
1.55
1.22
1.03
0.79
0.58
0.40
0.21
0.14
0.08
0.08
0.08
0.15
0.15
0.24
0.30
0.36
0.50
0.66
0.74
0.75
0.84
0.94
1.04
1.04
1.04
0.84
0.76
0.67
0.52
0.45
0.33
0.27
0.18
0.18
0.14
0.10
0.07
0.05
0.03
1.00
1.80
2.40
2.13
2.06
1.73
1.56
1.17
0.88
0.64
0.66
0.44
0.12
0.13
0.03
0.00
0.15
0.16
0.67
1.44
2.37
2.79
3.13
2.86
3.18
2.88
2.69
2.57
2.04
1.96
1.56
1.53
1.85
1.82
2.12
2.40
2.68
2.97
3.21
3.41
3.61
3.77
3.21
3.04
2.59
1.94
1.66
0.98
0.49
0.25
0.04
0.09
0.38
1.05
2.02
2.89
3.81
4.32
5.21
4.84
4.90
4.60
4.06
3.31
2.44
1.55
1.02
0.49
0.22
0.06
0.00
1.00
2.00
2.25
2.78
2.08
1.79
1.56
2.00
1.32
1.25
1.25
1.25
0.47
0.47
0.22
0.00
0.06
0.60
1.56
2.12
4.05
4.35
4.32
4.50
4.45
3.43
3.13
2.94
2.33
1.89
1.50
1.47
1.45
1.45
1.72
2.05
2.73
3.36
3.61
4.15
3.86
4.01
3.72
3.50
3.00
2.60
1.97
1.69
1.04
0.56
0.14
0.01
1.00
1.79
1.88
1.83
2.08
2.02
2.00
1.55
1.46
1.39
0.94
0.76
0.45
0.33
0.22
0.13
0.14
0.26
0.27
0.28
0.64
0.88
0.88
0.89
1.14
1.14
1.14
1.42
1.69
2.36
2.60
3.21
4.15
3.81
3.88
3.61
3.37
3.17
3.01
2.87
2.47
2.38
2.31
2.49
2.41
2.34
2.50
2.67
2.81
3.20
3.31
3.41
3.50
3.34
3.44
3.29
3.17
2.85
2.57
2.32
1.94
1.60
1.17
0.71
0.44
0.18
0.06
0.00
0.03
0.14
0.25
0.40
0.49
0.49
0.49
0.33
0.27
0.11
0.04
0.00
1.00
1.60
2.00
1.88
1.63
1.78
1.60
1.20
1.17
0.88
0.63
0.42
0.44
0.26
0.12
0.13
0.14
0.04
0.00
0.00
0.00
0.05
0.00
0.00
0.05
0.47
0.84
1.89
2.45
3.68
4.00
4.97
5.76
5.77
5.69
5.02
4.98
4.52
4.13
4.26
3.95
3.68
3.48
3.31
3.15
3.00
2.87
3.06
2.93
2.82
2.73
2.64
2.56
2.49
2.42
2.36
2.31
2.04
1.59
1.22
1.05
0.51
0.23
0.06
0.00
1.00
1.80
2.00
2.08
2.45
2.37
2.31
2.69
2.86
2.68
2.62
2.53
2.51
2.28
2.09
1.95
2.05
1.75
1.87
1.97
2.07
1.80
1.91
1.84
1.78
1.89
1.83
1.78
1.74
1.69
1.66
1.62
1.45
1.17
0.93
0.72
0.45
0.31
0.14
0.04
0.00
0.04
0.15
0.35
0.53
0.63
0.74
0.75
0.75
0.65
0.55
0.37
0.23
0.08
0.02
nan
nan
inf
4.00
4.00
3.00
3.00
3.20
2.67
2.29
2.78
2.50
3.00
2.57
3.06
2.72
2.45
1.25
0.80
0.47
0.06
0.50
1.39
3.86
5.54
6.82
7.36
7.60
7.58
6.65
6.34
5.76
5.06
4.51
3.84
3.09
2.72
2.21
1.79
1.43
1.13
0.87
0.75
0.55
0.45
0.37
0.30
0.30
0.31
0.31
0.32
0.32
0.41
0.42
0.52
0.63
0.75
0.89
1.03
1.03
1.18
1.03
1.03
0.88
0.76
0.64
0.53
0.34
0.27
0.20
0.14
0.05
0.02
0.02
0.01
0.01
0.01
0.00
0.01
0.03
1.00
2.00
2.25
2.29
1.78
1.60
1.45
2.08
1.79
1.67
1.56
2.12
1.89
1.80
1.25
1.71
1.64
1.57
1.09
1.50
1.50
1.04
0.67
0.39
0.18
0.00
0.19
0.76
2.23
3.38
4.48
6.82
7.05
6.61
6.78
6.82
5.90
4.85
4.41
4.05
3.14
2.70
2.08
1.80
1.54
1.13
0.95
0.79
0.64
0.65
0.52
0.52
0.40
0.41
0.42
0.55
0.55
0.70
0.87
1.04
1.24
1.44
1.43
1.65
1.63
1.40
1.39
1.18
0.99
0.99
0.99
0.67
0.53
0.41
0.21
0.14
0.03
0.04
0.00

