1.00
1.21
1.36
1.60
2.40
3.53
4.43
5.16
5.23
18.80
57.77
94.73
70.28
46.28
33.43
26.39
22.26
19.74
18.17
17.16
16.52
16.13
15.94
15.91
15.99
16.16
16.41
16.72
17.11
17.55
18.04
18.56
19.11
19.67
20.23
20.80
21.34
21.85
22.33
22.81
23.27
23.72
24.15
24.55
24.90
25.21
25.48
25.68
25.81
25.88
25.86
25.79
25.68
25.50
25.29
25.02
24.73
24.40
24.02
23.63
23.24
22.84
22.44
22.05
21.66
21.26
20.84
20.42
20.02
19.64
19.26
18.90
18.55
18.22
17.96
17.84
17.87
18.01
18.13
18.20
21.52
25.09
28.19
30.55
32.49
34.43
37.04
40.05
42.11
50.90
56.94
59.65
59.46
57.13
63.79
70.49
77.79
86.66
98.06
113.09
133.60
163.44
211.28
164.62
135.75
116.15
101.97
91.30
82.96
76.28
70.81
66.21
62.26
58.84
55.84
53.20
50.84
48.72
46.81
45.06
43.45
41.96
40.57
39.26
38.03
36.87
38.89
41.04
43.35
45.79
48.39
51.13
54.03
57.13
60.40
63.91
67.68
71.74
76.18
81.03
86.36
92.22
98.72
106.02
114.29
123.74
134.72
147.69
163.26
182.48
206.80
238.22
280.60
341.99
438.44
600.27
892.16
1500.25
3173.76
10104.97
15524.57
4531.39
1839.10
1032.94
695.86
519.72
406.17
544.01
641.15
611.29
497.09
622.09
677.33
656.39
599.45
538.97
487.20
445.93
413.58
388.13
368.03
352.08
339.36
329.14
320.87
314.35
310.14
311.13
324.48
361.39
309.05
278.98
260.91
249.83
242.75
237.82
233.87
230.28
227.03
224.16
221.64
219.48
217.64
216.11
214.84
213.78
212.91
212.18
211.57
211.07
210.67
210.34
210.08
209.89
209.73
209.57
209.38
209.16
208.98
208.83
208.73
208.70
208.74
208.90
209.24
209.76
210.44
211.37
212.60
1.00
1.59
1.90
89.48
-21.63
-62.80
34.77
-348.26
-281.73
123.94
41.42
99.20
302.54
-4275.30
-333.90
-149.46
-79.19
-45.41
-70.77
-93.36
-81.92
-52.25
-31.36
-47.48
-82.34
-212.94
551.67
127.84
72.82
50.53
38.30
30.55
25.23
36.15
53.25
81.08
129.62
226.01
504.27
-78509.03
-527.52
-251.28
-152.33
-100.40
-69.27
-49.37
-36.10
-44.57
-55.46
-69.37
-86.82
-109.90
-143.75
-210.09
-452.04
1103.18
214.29
110.77
376.33
-938.31
-376.44
-376.20
-643.21
3512.18
390.35
197.47
131.26
99.25
81.40
71.15
66.23
66.93
45.75
34.55
27.57
22.87
12.35
6.14
2.29
0.35
0.34
2.25
5.63
9.53
16.86
24.71
30.77
44.76
57.25
64.18
64.59
81.19
95.49
106.01
113.39
119.91
129.33
148.27
109.51
90.09
80.08
76.52
79.56
93.60
70.41
58.24
51.26
47.11
44.50
42.59
41.00
39.44
37.77
45.57
54.53
64.30
74.37
83.98
92.77
100.63
107.94
115.58
125.10
139.22
163.61
214.49
370.01
185.91
127.11
98.64
82.34
72.23
65.78
61.71
59.12
57.48
56.12
54.59
52.64
64.71
76.86
86.84
92.65
93.73
90.85
85.50
79.00
72.34
66.01
60.26
55.23
50.94
47.49
37.23
29.24
22.62
16.83
9.50
4.45
1.32
0.11
0.90
3.59
7.73
14.68
23.23
31.84
38.79
50.83
60.81
66.99
69.03
79.38
87.09
92.10
94.96
96.74
98.52
101.84
87.20
76.95
69.94
65.67
64.15
53.02
45.86
41.32
38.62
37.16
36.53
36.35
36.43
36.53
36.47
41.22
46.21
51.11
55.65
59.56
62.85
65.41
67.28
68.78
70.09
71.54
73.47
76.47
81.34
69.18
60.34
53.90
49.20
45.90
43.76
42.65
42.43
42.88
43.76
44.78
52.83
61.38
69.52
76.23
80.67
82.52
81.94
79.51
75.73
71.18
1.00
1.57
1.89
2.08
2.20
2.26
2.29
2.30
2.28
3.78
6.29
10.97
22.12
86.25
-64.42
-25.18
-15.78
-11.31
-8.57
-6.70
-5.33
-4.30
-5.09
-6.21
-7.97
-11.20
-19.05
-62.22
52.79
19.48
12.46
9.47
7.85
6.84
6.13
8.02
10.72
14.95
22.54
41.12
174.43
-80.85
-32.36
-19.75
-13.87
-19.25
-31.22
-83.26
122.18
35.40
20.99
15.21
12.24
10.47
9.37
12.39
16.90
23.80
34.89
54.37
95.19
229.59
-1577.32
-202.33
-110.38
-74.21
-53.41
-39.40
-29.19
-21.49
-15.64
-16.91
-17.83
-18.08
-17.25
-15.03
-11.52
-7.37
-3.63
-1.23
-0.70
-2.25
-6.32
-14.47
-33.27
-114.31
196.23
65.27
42.21
32.11
53.74
100.21
268.65
-879.67
-189.12
-108.67
-75.53
-56.29
-43.35
-33.97
-26.94
-21.49
-17.27
-19.25
-21.92
-25.85
-32.26
-44.37
-73.84
-232.73
206.73
73.77
46.11
34.24
27.67
38.93
59.29
107.27
367.01
-306.68
-111.25
-67.75
-47.96
-36.25
-28.44
-22.84
-26.58
-31.92
-40.36
-56.06
-95.04
-337.55
217.28
84.04
53.50
40.28
61.59
108.36
270.29
-1778.59
-261.29
-156.77
-118.36
-97.45
-83.23
-71.63
-61.28
-51.70
-42.79
-34.53
-27.16
-20.82
-20.26
-18.85
-16.59
-13.57
-10.12
-6.65
-3.63
-1.46
-0.36
-0.44
-1.77
-4.44
-8.66
-14.96
-24.62
-40.88
-74.20
-188.79
-101.02
-77.56
-66.50
-59.65
-54.53
-49.90
-45.40
-40.90
-36.40
-32.04
-27.86
-23.97
-20.49
-17.46
-17.89
-18.42
-19.19
-20.38
-22.18
-24.93
-29.12
-35.70
-46.36
-65.64
-108.48
-280.73
-122.79
-82.90
-64.50
-53.63
-45.86
-39.82
-34.84
-30.55
-26.73
-23.35
-20.41
-21.60
-22.99
-24.73
-27.13
-30.54
-35.66
-43.78
-57.74
-84.76
-155.09
-99.78
-78.71
-68.27
-62.49
-58.90
-56.46
-54.32
-52.16
-49.64
-46.60
-42.91
-38.62

