1.00
1.59
1.91
14.00
60.23
26.49
14.02
34.12
72.84
89.21
62.89
40.06
153.78
-1133.74
-1109.21
299.85
103.17
1012.44
-184.32
-93.02
-64.25
-49.93
-41.42
-35.87
-32.03
-29.26
-27.22
-25.67
-24.45
-23.48
-22.71
-22.09
-21.60
-21.23
-20.95
-20.76
-20.64
-20.57
-20.54
-20.55
-20.59
-20.67
-20.75
-20.85
-20.96
-21.09
-21.23
-21.36
-21.52
-21.67
-21.81
-21.95
-22.08
-22.20
-22.33
-22.47
-22.66
-22.90
-23.26
-23.79
-24.60
-25.79
-27.51
-29.93
-29.89
-30.38
-31.20
-32.04
-32.53
-32.30
-31.00
-31.22
-29.81
-26.83
-25.11
-22.29
-18.98
-17.40
-15.97
-15.09
-15.02
-15.93
-17.98
-21.42
-24.05
-27.77
-32.51
-34.28
-36.17
-38.19
-40.42
-43.07
-46.55
-51.26
-50.95
-51.21
-51.59
-51.52
-50.75
-49.31
-47.35
-45.13
-42.84
-44.53
-46.27
-48.16
-50.21
-52.48
-54.93
-57.57
-60.26
-62.67
-64.59
-65.36
-64.97
-63.96
-63.02
-62.48
-62.42
-62.91
-63.91
-65.34
-67.17
-69.46
-72.29
-75.76
-79.96
-85.01
-91.17
-98.67
-107.82
-119.12
-133.45
-151.98
-136.92
-125.33
-116.17
-108.83
-102.96
-98.60
-95.74
-94.50
-95.05
-97.81
-103.12
-111.37
-122.88
-118.12
-113.86
-108.44
-114.46
-115.76
-110.29
-98.09
-93.32
-82.65
-79.06
-72.00
-63.67
-56.31
-58.62
-55.38
-55.49
-58.96
-66.16
-77.47
-81.72
-87.80
-95.62
-105.48
-102.60
-101.58
-102.77
-106.71
-113.89
-124.93
-122.58
-121.09
-119.33
-116.79
-113.59
-109.39
-104.14
-97.96
-100.22
-101.39
-102.30
-103.55
-104.90
-105.63
-105.09
-102.75
-97.76
-90.20
-89.68
-87.33
-83.98
-80.57
-77.63
-75.31
-73.50
-72.05
-70.87
-69.92
-69.18
-68.65
-68.33
-68.20
-68.24
-68.46
-68.84
-69.35
-69.96
-70.66
-71.46
-72.32
-73.26
-74.33
-75.63
-77.35
-79.69
-82.98
-87.69
-94.42
-94.46
-96.29
-99.53
-103.71
-108.07
1.00
1.59
16.93
14.24
66.03
26.30
36.26
143.03
114.16
-304.01
-155.61
-155.61
-160.49
-133.92
-90.09
-56.51
-72.71
-76.93
-66.62
-52.27
-40.55
-56.05
-83.80
-149.52
-509.28
431.32
161.05
102.67
77.24
62.95
53.66
46.99
41.88
37.80
34.48
31.78
29.62
27.91
26.64
25.73
25.17
24.91
24.91
25.16
25.58
26.18
26.94
27.86
28.96
30.26
31.80
33.67
35.93
38.67
41.91
45.58
49.38
52.73
54.83
55.02
53.10
63.50
71.56
75.11
73.90
69.44
80.37
92.06
80.01
72.08
67.97
68.59
58.43
55.04
43.47
28.04
18.55
8.76
3.08
0.36
0.58
3.66
10.63
20.01
35.62
48.56
67.84
75.96
91.77
94.99
112.51
122.98
128.31
132.41
139.78
156.61
134.29
124.33
123.27
130.91
150.03
123.31
107.28
96.60
88.83
82.72
77.67
73.35
69.61
66.34
63.52
61.01
58.69
56.41
54.13
51.84
49.60
47.52
45.68
44.10
42.86
41.94
41.35
41.04
40.98
41.10
41.40
41.81
42.36
43.03
43.84
44.83
46.04
47.50
49.26
51.33
53.69
56.17
58.52
60.42
61.48
69.97
77.50
82.90
85.40
85.01
94.02
101.91
109.44
100.44
93.50
89.18
75.40
66.09
51.28
40.46
26.84
16.45
6.86
1.49
0.19
3.03
9.32
19.82
31.41
46.63
58.01
71.64
89.34
99.69
117.17
128.55
134.35
136.78
138.49
142.16
126.55
116.64
111.36
110.18
113.03
101.13
93.17
87.64
83.61
80.55
78.05
75.88
73.98
72.27
70.75
69.48
68.30
67.06
65.65
64.00
62.14
60.16
58.26
56.46
54.91
53.67
52.79
52.24
51.95
51.91
52.07
52.36
52.74
53.24
53.85
54.60
55.53
56.69
58.17
60.03
62.30
64.94
67.84
70.74
73.25
74.98
83.40
90.61
95.66
98.07
97.84
105.22
111.27
1.00
1.59
1.90
7.66
12.05
9.68
16.88
17.42
35.18
47.28
42.79
33.96
27.27
22.96
20.34
18.92
18.51
19.26
21.84
17.94
16.13
15.57
16.08
17.84
21.48
28.55
43.30
82.07
315.73
-277.88
-121.55
-90.38
-80.20
-77.98
-80.37
-86.65
-97.02
-112.92
-137.83
-179.08
-258.33
-464.79
-1980.01
996.49
438.93
312.83
276.19
293.54
416.97
2239.51
-390.88
-152.33
-88.37
-61.29
-48.05
-41.63
-39.33
-40.26
-44.61
-53.83
-72.39
-68.50
-71.48
-80.00
-94.67
-117.91
-153.03
-202.11
-250.37
-248.25
-179.48
-262.98
-244.17
-127.84
-135.39
-83.66
-34.91
-24.92
-11.09
-1.87
-1.58
-12.77
-59.88
-54.04
-75.86
-146.49
-131.52
-172.70
-352.01
-295.68
-351.16
-566.57
-2250.90
1096.85
465.20
318.79
268.25
266.89
336.26
193.11
147.42
130.72
130.77
148.95
204.31
416.47
-2331.32
-311.02
-176.63
-131.59
-111.51
-101.84
-97.37
-96.15
-97.10
-99.68
-103.57
-108.64
-115.09
-123.04
-132.76
-144.53
-158.43
-173.97
-189.71
-202.90
-208.87
-203.44
-186.16
-160.57
-132.86
-107.86
-87.89
-73.35
-63.58
-57.79
-55.41
-56.04
-59.74
-67.19
-79.90
-78.85
-81.86
-87.90
-96.67
-107.81
-120.51
-132.98
-141.32
-140.26
-125.95
-101.03
-92.95
-73.93
-66.06
-49.73
-30.94
-20.69
-10.33
-2.96
-0.25
-2.71
-11.06
-28.77
-44.10
-67.81
-112.37
-134.27
-182.33
-178.58
-194.58
-226.55
-278.93
-360.89
-488.85
-677.02
-873.46
-886.90
-646.56
-394.56
-527.07
-595.02
-515.24
-370.85
-255.42
-182.85
-139.53
-113.52
-98.02
-88.61
-83.18
-80.35
-79.28
-79.29
-80.16
-81.67
-83.61
-85.94
-88.65
-91.67
-95.04
-98.60
-102.46
-106.21
-109.53
-111.75
-112.48
-110.87
-106.56
-99.81
-91.28
-81.97
-73.11
-65.52
-59.76
-56.10
-54.61
-55.29
-58.27
-63.78
-72.36
-84.99
-88.16
-93.75
-101.38
-110.40
-120.18
-129.14
-135.36
1.00
1.58
1.88
2.05
8.31
37.14
69.21
35.83
20.27
13.79
25.78
52.25
141.94
-781.01
-121.69
-65.34
-42.14
-29.04
-20.70
-30.64
-49.27
-89.56
-193.45
-436.17
-419.16
-194.54
-100.91
-63.90
-47.47
-39.91
-37.22
-38.02
-42.51
-52.32
-73.55
-135.18
-1150.64
173.27
80.85
53.10
39.83
32.09
27.06
23.60
21.13
19.34
18.09
17.32
16.98
17.10
17.67
18.70
20.14
21.84
23.45
24.66
25.20
25.01
24.17
30.08
36.12
41.54
45.70
48.36
49.69
50.17
50.35
50.86
52.46
56.44
66.29
48.64
38.97
33.13
29.91
29.90
15.41
7.56
2.87
0.53
0.50
2.73
6.51
10.68
14.07
22.55
31.38
38.13
41.35
41.32
54.77
69.88
86.27
103.91
124.31
151.92
199.54
321.15
1514.67
-386.21
7550.38
409.82
234.35
180.88
162.97
165.93
192.18
263.82
487.57
3126.84
-930.76
-525.41
-479.98
-602.75
-1361.25
1711.93
458.29
251.44
169.20
125.96
99.68
82.21
69.88
60.82
54.03
48.88
45.02
42.29
40.54
39.77
40.02
41.30
43.57
46.58
49.92
52.92
54.90
55.37
54.33
68.85
84.61
99.82
112.40
121.01
125.59
127.12
127.21
127.67
130.49
138.94
161.11
112.16
86.75
71.50
62.12
57.75
31.37
16.65
7.50
2.16
0.33
1.99
6.78
13.35
20.00
34.37
51.14
66.33
75.69
78.24
75.69
95.11
114.98
134.68
154.47
176.11
203.79
247.93
341.01
678.90
303.45
201.38
155.06
130.11
116.15
109.32
108.37
113.08
124.09
142.32
168.15
199.43
228.89
245.67
243.03
224.02
197.40
170.34
146.36
126.23
109.57
95.95
84.82
75.72
68.19
62.01
57.04
53.16
50.27
48.45
47.77
48.24
49.86
52.59
56.17
60.05
63.64
66.24
67.42
67.02
80.19
93.07
104.31
112.86
118.30
120.96
121.60
121.19
120.75
1.00
1.57
1.89
2.08
2.19
2.25
2.28
5.30
15.11
189.15
-40.79
-26.23
-23.01
-22.33
-22.46
-22.67
-22.41
-21.36
-19.45
-17.02
-14.38
-11.88
-9.73
-7.99
-6.66
-5.67
-4.98
-4.51
-4.22
-4.07
-4.02
-4.05
-4.13
-4.25
-4.37
-4.50
-4.61
-4.69
-4.74
-4.73
-4.68
-4.56
-4.40
-4.18
-3.93
-3.65
-3.36
-3.08
-2.83
-2.62
-2.46
-2.35
-2.31
-2.33
-2.41
-2.54
-2.71
-2.93
-3.16
-3.41
-3.65
-3.87
-4.06
-4.20
-4.27
-4.27
-4.18
-4.01
-3.75
-3.41
-3.01
-2.57
-2.24
-1.86
-1.46
-1.07
-0.71
-0.40
-0.18
-0.05
-0.04
-0.14
-0.35
-0.68
-1.12
-1.65
-2.29
-3.04
-3.58
-4.12
-4.62
-5.07
-5.47
-5.80
-6.06
-6.22
-6.28
-6.25
-6.11
-5.89
-5.60
-5.25
-4.88
-4.51
-4.18
-3.89
-3.67
-3.53
-3.47
-3.47
-3.54
-3.66
-3.81
-3.99
-4.16
-4.34
-4.49
-4.60
-4.68
-4.71
-4.70
-4.63
-4.51
-4.34
-4.14
-3.90
-3.64
-3.39
-3.14
-2.93
-2.76
-2.64
-2.70
-2.71
-2.79
-2.93
-3.14
-3.38
-3.66
-3.95
-4.24
-4.51
-4.75
-4.92
-5.03
-5.06
-4.99
-4.83
-4.57
-4.22
-3.79
-3.31
-2.79
-2.34
-1.87
-1.40
-0.96
-0.59
-0.29
-0.10
-0.02
-0.05
-0.20
-0.47
-0.84
-1.30
-1.84
-2.45
-3.11
-3.67
-4.20
-4.68
-5.11
-5.47
-5.75
-5.95
-6.05
-6.05
-5.96
-5.79
-5.54
-5.24
-4.90
-4.56
-4.23
-3.94
-3.71
-3.55
-3.46
-3.43
-3.47
-3.57
-3.71
-3.88
-4.05
-4.22
-4.38
-4.50
-4.61
-4.66
-4.67
-4.63
-4.54
-4.41
-4.24
-4.03
-3.80
-3.56
-3.32
-3.10
-2.93
-2.79
-2.79
-2.85
-2.91
-3.03
-3.22
-3.46
-3.74
-4.04
-4.34
-4.63
-4.89
-5.09
-5.22
-5.27
-5.23
-5.09
-4.86

