1.00
1.27
1.49
1.70
2.00
2.14
2.20
2.28
2.38
2.35
2.29
2.32
3.02
4.44
6.61
7.64
25.05
71.67
145.51
146.86
103.25
73.43
56.47
46.63
40.68
36.88
34.28
32.37
30.91
29.76
28.82
28.02
27.29
26.60
25.95
25.29
24.65
24.01
23.38
22.76
22.16
21.56
20.99
20.45
19.96
19.50
19.07
18.66
18.28
17.92
17.57
17.24
16.93
16.61
16.30
15.98
15.67
15.38
15.09
14.81
14.55
14.29
14.05
13.80
13.54
13.29
13.03
12.81
12.59
12.38
12.18
12.00
11.81
11.62
11.44
11.28
11.12
10.96
10.82
10.69
10.54
10.40
10.36
10.47
10.68
10.96
12.30
13.82
15.49
17.00
18.11
18.62
18.72
19.05
20.03
23.32
26.43
28.61
29.63
32.51
34.81
36.38
37.39
38.10
38.69
39.26
39.86
40.53
41.26
42.06
42.93
43.85
44.81
45.80
46.83
47.92
49.05
50.24
51.48
52.77
54.10
55.50
56.96
58.49
60.10
61.81
63.58
65.36
67.13
68.93
70.72
72.50
74.27
76.08
77.88
79.67
81.46
83.25
85.06
86.95
88.94
90.94
92.93
94.92
96.93
98.93
100.98
103.06
105.13
107.16
109.17
111.11
113.00
114.86
116.79
118.81
120.88
122.95
125.01
127.01
129.02
131.12
133.42
135.82
137.99
139.50
140.07
139.31
136.64
131.73
148.81
165.27
182.34
201.85
222.52
236.77
236.53
222.18
248.43
262.07
262.41
253.18
239.59
225.42
212.44
201.15
191.48
183.20
176.07
169.87
164.37
159.45
154.96
150.83
147.06
144.50
144.88
149.26
138.03
130.26
124.66
120.51
117.26
114.54
112.03
109.63
107.39
105.29
103.35
101.57
99.94
98.46
97.07
95.80
94.60
93.51
92.49
91.59
90.81
90.09
89.45
88.86
88.30
87.77
87.28
86.85
86.47
86.12
85.79
1.00
1.59
13.33
12.18
39.16
21.75
29.60
87.44
86.56
49.48
79.54
104.64
127.30
181.22
826.21
127.24
93.71
106.74
273.23
118.17
102.84
127.33
278.92
-494.49
-127.96
-77.79
-60.42
-53.36
-51.10
-51.80
-54.86
-60.23
-68.34
-80.15
-97.71
-125.44
-174.54
-284.13
-749.50
1169.19
326.97
188.50
131.47
100.47
81.23
68.34
59.31
52.84
48.24
45.13
43.32
42.72
43.27
44.82
46.97
48.97
49.83
48.88
58.67
65.54
67.22
82.65
93.09
95.95
92.50
85.88
78.72
72.49
67.87
65.39
66.01
58.33
55.70
47.12
34.94
27.47
17.65
10.63
3.90
0.58
0.46
3.43
10.49
20.25
28.57
39.62
55.27
63.49
77.18
81.74
96.80
106.26
111.07
113.92
117.88
126.88
109.89
101.95
101.70
84.16
75.03
71.12
71.20
74.98
82.55
94.12
109.71
128.57
148.80
167.22
180.41
186.44
185.50
179.40
170.39
160.28
150.20
140.70
131.96
123.92
116.36
109.17
102.32
95.85
89.74
84.02
78.71
73.86
69.56
65.90
63.04
61.13
60.32
60.71
62.31
64.80
67.51
69.62
70.31
79.70
86.34
88.89
100.40
107.57
109.81
108.04
103.75
98.34
92.94
88.30
85.01
74.51
66.98
55.21
46.45
35.12
23.18
14.18
6.43
1.82
0.13
1.45
5.47
12.44
20.87
31.77
41.24
52.09
65.36
74.55
78.64
86.73
91.48
93.71
94.56
95.21
86.41
79.81
75.32
73.00
65.28
60.27
57.45
56.50
57.24
59.48
62.94
67.27
71.98
76.58
80.60
83.72
85.81
86.98
87.30
86.94
86.08
84.92
83.59
82.13
80.63
79.08
77.42
75.64
73.69
71.56
69.26
66.81
64.27
61.78
59.42
57.39
55.95
55.38
55.84
57.40
59.89
62.87
65.86
74.67
82.60
88.43
100.48
109.83
115.53
117.47
116.26
112.92
108.42
1.00
1.59
1.92
27.91
-79.91
51.87
-32.76
-33.01
-74.60
122.44
-262.86
-129.47
-119.81
-121.19
-111.16
-86.21
-59.22
-39.02
-59.24
-83.11
-88.87
-67.46
-43.35
-27.71
-38.92
-58.74
-104.44
-347.36
282.47
99.49
59.33
41.66
31.78
49.58
82.28
150.17
333.89
1743.05
-910.78
-416.96
-273.77
-194.96
-140.89
-102.16
-74.35
-54.58
-40.62
-53.98
-76.22
-120.09
-247.38
-8003.05
278.27
137.42
90.33
66.35
51.76
78.21
117.17
159.57
178.85
163.60
133.56
105.91
84.98
69.89
59.05
51.20
45.50
41.47
38.91
38.00
28.76
22.65
18.15
14.58
8.50
4.48
1.81
0.35
0.19
1.41
3.90
7.15
12.77
18.94
24.03
33.03
40.22
43.97
54.80
63.71
69.82
73.31
75.16
76.58
78.83
83.54
93.58
77.89
68.84
64.09
62.92
65.88
50.98
42.26
36.85
33.51
31.51
30.36
29.76
29.39
29.00
34.10
39.67
45.35
50.73
55.53
59.58
62.81
65.41
67.64
69.86
72.61
76.49
82.62
92.94
112.03
84.77
69.03
59.03
52.39
47.89
44.88
42.86
41.52
40.51
39.60
46.65
53.88
60.31
64.97
67.28
67.26
65.36
62.19
58.34
54.23
50.14
46.22
42.57
39.24
36.29
29.07
23.11
17.97
13.40
7.91
3.93
1.34
0.16
0.50
2.44
5.81
10.08
16.35
22.95
28.72
36.76
43.22
47.25
54.71
60.29
63.84
65.62
66.20
66.10
65.93
66.21
58.59
52.68
48.12
44.70
42.33
41.03
35.54
31.70
29.10
27.53
26.79
26.69
27.01
27.54
28.08
31.52
35.01
38.32
41.28
43.79
45.76
47.18
48.13
48.69
48.99
49.14
49.30
49.66
50.39
51.77
45.97
41.53
38.18
35.76
34.18
33.34
33.12
33.40
34.01
38.85
44.18
49.56
54.44
58.31
60.83
61.85
61.47
59.92
57.48
54.41
1.00
1.57
1.89
2.08
2.19
2.25
6.07
21.09
-6461.09
-61.97
-57.06
-81.00
-222.58
253.36
84.06
53.39
41.62
36.47
35.07
37.22
45.49
74.98
2308.53
-58.99
-26.00
-15.87
-11.29
-8.91
-7.62
-6.94
-6.65
-6.65
-6.84
-7.21
-7.68
-8.27
-8.90
-9.55
-10.17
-10.68
-11.05
-11.19
-11.06
-10.65
-10.03
-9.24
-8.38
-7.55
-6.79
-6.14
-5.65
-5.32
-5.15
-5.12
-5.24
-5.49
-5.85
-6.34
-6.92
-7.60
-8.35
-9.15
-9.96
-10.72
-11.40
-11.89
-12.12
-12.01
-11.50
-10.59
-9.33
-7.84
-6.25
-5.41
-4.37
-3.25
-2.15
-1.19
-0.49
-0.11
-0.09
-0.43
-1.15
-2.27
-3.84
-5.96
-8.83
-10.27
-11.77
-13.32
-14.89
-16.46
-17.99
-19.41
-20.64
-21.59
-22.15
-22.26
-21.82
-20.90
-19.53
-17.85
-16.00
-14.18
-12.51
-11.10
-9.97
-9.18
-8.67
-8.44
-8.46
-8.68
-9.06
-9.58
-10.20
-10.87
-11.55
-12.21
-12.78
-13.24
-13.51
-13.56
-13.37
-12.97
-12.36
-11.60
-10.75
-9.89
-9.08
-8.36
-7.78
-7.36
-7.10
-7.03
-7.12
-7.39
-7.81
-8.36
-9.03
-9.79
-10.62
-11.47
-12.30
-13.06
-13.67
-14.08
-14.23
-14.06
-13.56
-12.68
-11.47
-10.02
-8.40
-6.72
-5.49
-4.21
-2.96
-1.84
-0.94
-0.34
-0.06
-0.13
-0.55
-1.32
-2.43
-3.86
-5.64
-7.78
-9.37
-10.95
-12.48
-13.93
-15.26
-16.41
-17.35
-18.02
-18.40
-18.43
-18.13
-17.50
-16.59
-15.46
-14.20
-12.91
-11.67
-10.56
-9.63
-8.92
-8.45
-8.21
-8.22
-8.43
-8.83
-9.35
-9.99
-10.69
-11.40
-12.10
-12.72
-13.23
-13.57
-13.71
-13.63
-13.33
-12.83
-12.16
-11.40
-10.57
-9.76
-9.01
-8.37
-7.87
-7.53
-7.37
-7.40
-7.58
-7.94
-8.45
-9.09
-9.85
-10.68
-11.55
-12.42
-13.22
-13.90
-14.39
-14.65
-14.62
-14.26
1.00
1.56
1.88
2.07
2.18
2.24
2.27
2.27
2.26
2.23
3.50
5.59
9.50
19.21
93.41
-41.55
-17.87
-11.42
-8.26
-6.31
-4.97
-4.00
-4.68
-5.63
-7.05
-9.50
-14.66
-32.07
224.41
26.63
14.86
10.71
8.61
7.35
6.51
8.67
11.95
17.48
29.00
69.35
-243.19
-45.27
-24.72
-16.68
-12.33
-9.57
-11.67
-14.92
-20.81
-34.85
-109.86
97.36
34.72
21.77
16.32
13.38
19.20
29.80
53.36
143.42
-410.11
-98.28
-59.32
-43.42
-34.20
-27.73
-22.69
-18.49
-14.92
-11.85
-12.61
-13.09
-13.11
-12.49
-11.10
-8.99
-6.43
-3.88
-1.82
-0.62
-0.44
-1.37
-3.54
-7.26
-13.59
-25.61
-57.17
-414.66
108.01
52.68
175.68
-264.95
-91.70
-59.97
-45.93
-37.47
-31.42
-26.61
-22.56
-19.11
-16.12
-13.57
-11.40
-11.99
-12.69
-13.62
-14.93
-16.91
-19.95
-24.86
-33.44
-50.99
-103.11
-2933.97
119.40
60.56
129.22
5660.96
-152.88
-78.51
-53.51
-40.47
-32.20
-26.31
-21.86
-18.32
-20.55
-23.41
-27.36
-33.32
-43.36
-63.86
-125.25
-3399.58
140.33
71.03
48.90
79.86
165.26
1175.23
-301.48
-148.47
-103.53
-81.24
-67.02
-56.41
-47.67
-40.03
-33.22
-27.09
-21.63
-22.07
-21.79
-20.62
-18.44
-15.31
-11.54
-7.64
-4.18
-1.69
-0.40
-0.46
-1.91
-4.80
-9.35
-16.17
-26.70
-44.84
-84.16
-250.36
415.08
-279.63
-126.05
-88.20
-70.20
-58.99
-50.70
-43.96
-38.10
-32.89
-28.21
-24.07
-20.44
-21.49
-22.68
-24.19
-26.27
-29.30
-33.89
-41.22
-53.74
-78.27
-142.64
-669.05
269.08
116.09
315.99
-643.64
-174.67
-105.22
-76.65
-60.30
-49.40
-41.37
-35.05
-29.87
-25.60
-28.02
-30.96
-34.81
-40.25
-48.54
-62.44
-89.60
-161.40
-766.59
296.41
-799.47
-198.62
-124.11
-95.42
-80.41
-70.93
-63.93
-58.19
-52.95
-47.76
-42.63
-37.43

