1.00
1.59
1.90
2.07
5.41
9.88
12.38
12.19
10.89
9.52
16.97
33.18
69.21
112.77
98.22
64.60
44.29
33.11
26.53
22.38
19.62
17.68
16.26
15.19
14.35
13.69
13.16
12.73
12.38
12.10
11.89
11.74
11.66
11.65
11.72
11.88
12.13
12.48
12.92
13.47
14.13
14.87
15.70
16.60
17.53
18.46
19.37
20.24
21.03
21.70
22.24
22.63
22.85
22.91
22.82
22.62
22.33
21.96
21.54
21.09
20.63
23.18
25.96
28.84
31.53
33.69
35.05
35.54
35.28
34.55
33.69
33.01
32.87
28.35
25.11
22.82
21.42
17.73
15.38
14.10
13.70
14.00
14.73
17.72
20.80
23.39
25.18
26.19
26.60
26.54
26.21
25.76
28.26
30.93
33.49
35.63
36.96
37.54
37.69
37.75
37.94
38.39
39.21
40.41
42.00
43.94
46.20
48.73
51.41
54.21
57.08
60.05
63.21
66.87
71.95
79.54
90.93
107.60
131.95
168.68
228.74
343.39
644.64
3464.34
-1140.13
-512.75
-340.25
-260.14
-214.21
-184.74
-164.18
-149.14
-137.69
-128.60
-121.12
-114.85
-109.66
-105.34
-101.94
-99.50
-98.23
-98.40
-100.64
-105.70
-114.61
-128.61
-149.50
-179.83
-156.42
-183.60
-210.67
-228.36
-224.67
-195.91
-153.28
-160.63
-151.54
-129.38
-104.60
-84.84
-72.26
-66.35
-66.10
-70.91
-80.54
-95.40
-117.31
-112.88
-111.50
-112.13
-114.40
-118.79
-126.51
-140.04
-163.32
-152.54
-146.59
-141.54
-135.85
-129.36
-121.75
-112.87
-102.86
-107.93
-111.52
-114.68
-118.40
-122.29
-125.54
-127.34
-126.92
-123.50
-115.58
-103.57
-89.42
-90.37
-90.35
-90.25
-90.50
-91.17
-92.19
-93.72
-96.01
-99.33
-103.95
-110.23
-118.75
-130.40
-146.48
-169.39
-203.94
-260.07
-217.93
-192.36
-175.38
-163.47
-154.74
-148.21
-143.35
-139.94
-138.00
-138.04
-140.67
-146.90
-157.92
-175.32
-201.27
-239.04
-215.67
1.00
1.59
1.90
8.36
14.04
10.81
21.18
21.98
63.28
118.92
93.62
59.04
41.10
31.87
26.85
24.20
23.22
23.84
26.74
34.59
27.30
24.20
23.15
23.45
24.91
27.66
32.11
39.19
50.78
71.31
113.85
239.88
3335.48
-357.66
-193.27
-144.72
-123.08
-111.80
-104.81
-99.44
-94.30
-88.41
-81.56
-73.83
-65.76
-57.86
-50.60
-44.23
-38.84
-34.44
-30.83
-27.92
-25.80
-24.27
-23.23
-22.71
-22.70
-23.26
-24.49
-26.55
-29.68
-34.34
-41.33
-39.70
-39.20
-39.16
-38.97
-38.09
-36.02
-32.49
-32.93
-30.84
-26.15
-19.90
-16.06
-11.27
-6.73
-3.81
-1.48
-0.21
-0.22
-1.58
-4.46
-7.83
-12.28
-18.30
-22.82
-28.71
-36.71
-40.39
-45.09
-50.70
-57.02
-63.63
-69.79
-74.26
-75.56
-72.68
-65.99
-56.95
-59.01
-59.30
-58.05
-55.74
-52.82
-49.68
-46.59
-43.75
-41.24
-39.13
-37.46
-36.22
-35.37
-34.86
-34.67
-34.68
-34.83
-35.01
-35.18
-35.27
-35.20
-34.95
-34.47
-33.74
-32.81
-31.70
-30.50
-29.23
-27.98
-26.79
-25.70
-24.75
-23.97
-23.36
-22.97
-22.84
-22.99
-23.51
-24.41
-25.78
-27.68
-30.17
-33.34
-37.29
-37.88
-38.53
-38.95
-38.81
-37.77
-35.60
-32.23
-30.24
-26.69
-21.94
-18.10
-13.55
-8.99
-5.52
-2.62
-0.72
-0.06
-0.73
-2.75
-6.22
-10.37
-15.60
-22.24
-27.98
-34.66
-38.74
-43.06
-47.45
-51.70
-55.47
-58.39
-60.02
-59.94
-57.90
-54.22
-49.34
-43.90
-42.39
-40.55
-38.62
-36.73
-34.99
-33.43
-32.05
-30.88
-29.90
-29.23
-28.73
-28.42
-28.30
-28.32
-28.48
-28.69
-28.94
-29.19
-29.36
-29.41
-29.33
-29.11
-28.76
-28.27
-27.65
-26.97
-26.21
-25.43
-24.69
-24.00
-23.39
-22.88
-22.47
-22.22
-22.15
-22.30
-22.71
-23.41
-24.46
-25.91
-27.77
-30.05
-32.75
-33.71
-34.65
-35.41
-35.73
-35.37
1.00
1.58
1.89
2.07
2.18
7.56
49.70
-76.51
-66.42
-210.32
99.42
38.42
23.93
17.63
14.17
12.01
10.55
9.50
8.74
8.18
7.78
7.51
7.37
7.38
7.55
7.91
8.48
9.28
10.33
11.57
12.90
14.19
15.30
16.10
16.58
16.72
16.61
16.31
15.91
15.47
15.03
14.61
14.26
13.97
13.78
13.70
13.78
14.09
14.73
15.81
17.53
20.13
23.97
29.39
36.60
45.32
54.17
60.75
63.12
61.11
56.25
50.28
44.39
39.10
34.54
30.67
27.36
24.55
22.11
19.98
18.09
16.41
14.91
13.58
9.21
6.09
3.75
2.00
0.80
0.17
0.13
0.70
1.84
3.39
5.14
6.82
9.80
12.99
16.03
18.55
20.36
21.39
21.71
21.46
20.82
19.93
18.92
17.85
16.78
15.76
14.80
13.94
13.19
12.60
12.16
11.91
11.87
12.07
12.48
13.11
13.89
14.74
15.61
16.39
17.05
17.55
17.84
17.95
17.89
17.69
17.38
17.01
16.58
16.13
15.66
15.19
14.76
14.38
14.11
14.00
14.12
14.54
15.29
16.40
17.87
19.65
21.65
23.72
25.68
27.36
28.61
29.38
29.64
29.43
28.78
27.77
26.47
24.95
23.25
21.43
19.51
17.53
15.49
13.40
11.28
7.98
5.28
3.13
1.51
0.50
0.08
0.32
1.21
2.65
4.51
6.56
9.58
12.90
16.24
19.31
21.88
23.76
24.95
25.47
25.43
24.97
24.17
23.18
22.09
20.91
19.74
18.60
17.55
16.63
15.86
15.29
14.96
14.89
15.09
15.56
16.25
17.09
17.99
18.91
19.74
20.42
20.90
21.19
21.31
21.23
20.99
20.68
20.26
19.77
19.22
18.63
18.05
17.50
17.02
16.65
16.49
16.57
16.95
17.67
18.75
20.19
21.90
23.81
25.79
27.68
29.35
30.71
31.65
32.14
32.15
31.70
30.83
29.59
28.01
1.00
1.52
1.84
2.04
2.17
2.24
2.28
2.29
2.29
2.27
2.23
3.29
4.88
7.42
12.14
24.44
160.90
-40.46
-18.52
-12.03
-8.85
-6.92
-5.60
-4.66
-3.96
-4.66
-5.66
-7.16
-9.69
-14.81
-30.11
-1419.00
33.75
17.36
12.01
9.34
7.73
10.18
14.26
22.80
14.76
10.96
8.71
7.20
6.15
5.37
4.77
4.31
3.99
3.74
3.58
3.47
3.43
3.41
3.42
3.44
3.94
4.51
5.14
5.83
6.57
7.35
8.15
8.97
9.82
10.70
11.63
12.75
14.16
11.00
8.68
6.87
5.36
4.09
3.02
2.12
1.37
0.79
0.37
0.13
0.10
0.28
0.64
1.18
1.88
2.65
3.45
4.21
4.89
5.46
5.87
7.10
8.38
9.68
10.97
12.26
13.56
14.88
16.24
17.83
19.70
22.15
25.58
31.01
40.82
28.73
22.04
17.96
15.17
13.21
11.81
10.81
10.05
9.47
9.02
8.67
8.33
8.00
8.79
9.62
10.52
11.48
10.39
9.45
8.59
7.86
7.23
6.71
6.30
5.97
5.74
5.60
5.52
5.50
5.52
5.58
5.67
6.25
6.88
7.55
8.23
8.90
9.52
10.11
10.63
11.05
11.35
11.55
11.63
11.57
9.77
8.19
6.71
5.33
4.09
3.00
2.04
1.24
0.63
0.26
0.09
0.13
0.40
0.90
1.58
2.39
3.31
4.28
5.21
6.06
6.80
7.40
8.58
9.70
10.77
11.74
12.59
13.33
13.96
14.51
15.01
15.46
15.95
16.54
17.23
18.14
15.97
14.26
12.93
11.88
11.07
10.50
10.07
9.75
9.51
9.36
9.20
9.01
8.82
8.59
8.30
7.96
7.59
7.21
6.82
6.42
6.07
5.77
5.50
5.28
5.15
5.08
5.07
5.10
5.20
5.34
5.49
5.96
6.47
6.98
7.50
8.00
8.46
8.86
9.16
9.37
9.46
9.42
9.24

