1.00
1.17
1.02
1.00
1.18
1.08
0.80
0.74
1.18
1.12
1.04
1.14
1.11
1.11
0.94
1.04
1.12
1.12
1.09
1.13
1.10
1.09
1.05
1.07
1.08
1.08
1.10
1.08
1.08
1.08
1.09
1.00
1.05
1.12
1.11
1.06
1.13
1.20
1.00
0.93
1.07
1.11
0.96
1.03
1.07
1.04
0.93
1.03
1.03
1.02
0.88
0.90
1.02
0.95
0.92
0.96
0.94
0.94
0.84
0.85
0.96
0.94
0.97
0.97
0.95
0.93
0.83
0.92
0.99
1.06
1.12
1.08
0.99
1.01
0.99
0.96
0.99
1.03
1.04
0.99
0.99
0.99
1.14
1.17
1.33
1.33
1.32
1.29
1.31
1.30
1.05
1.02
1.30
1.29
1.11
1.23
1.30
1.29
0.82
1.04
1.27
1.24
1.11
1.31
1.28
0.82
0.38
0.96
1.27
1.09
1.18
1.35
1.27
1.01
1.08
1.26
1.28
1.26
1.30
1.28
1.29
1.20
1.23
1.29
1.29
1.30
1.29
1.28
1.32
1.32
1.29
1.28
1.30
1.34
1.24
1.23
1.37
1.28
1.17
1.29
1.38
1.20
1.08
1.22
1.25
1.15
1.24
1.30
1.27
1.15
1.18
1.41
1.29
1.18
1.30
1.16
0.95
0.90
0.96
1.00
1.00
1.10
1.12
1.09
1.11
1.01
1.14
1.17
1.15
1.23
1.26
1.21
1.25
1.20
1.24
1.33
1.49
1.64
1.65
1.69
1.82
2.01
2.07
2.44
2.70
3.01
3.39
3.81
4.26
4.44
4.70
5.14
5.29
5.35
5.44
5.39
5.29
5.72
10.88
25.14
45.43
63.33
68.91
64.44
55.61
46.98
39.78
33.96
29.38
25.88
23.18
21.02
19.24
17.76
16.52
15.45
14.53
13.72
13.01
12.38
11.82
11.34
10.94
10.58
10.26
9.97
9.67
9.37
9.07
1.00
1.59
1.89
2.06
2.15
2.19
2.19
2.17
2.11
2.04
1.95
1.85
1.74
1.63
1.51
1.39
1.27
1.17
1.07
0.99
0.93
0.88
0.86
0.85
0.85
0.87
0.90
0.93
0.96
0.98
1.01
1.02
1.03
1.04
1.04
1.03
1.03
1.02
1.02
1.02
1.03
1.03
1.04
1.05
1.05
1.05
1.05
1.04
1.02
1.00
0.98
0.96
0.93
0.92
0.91
0.91
0.93
0.97
1.03
1.12
1.22
1.34
1.46
1.58
1.69
1.76
1.80
1.80
1.75
1.65
1.51
1.33
1.13
0.91
0.69
0.48
0.30
0.15
0.05
0.00
0.01
0.07
0.18
0.33
0.51
0.70
0.90
1.08
1.24
1.37
1.46
1.51
1.52
1.49
1.44
1.36
1.28
1.18
1.09
1.01
0.94
0.88
0.85
0.83
0.82
0.83
0.85
0.87
0.90
0.93
0.95
0.97
0.99
1.00
1.00
1.00
0.99
0.99
0.99
0.99
0.99
1.00
1.00
1.01
1.02
1.02
1.02
1.01
1.00
0.98
0.95
0.93
0.91
0.89
0.88
0.88
0.89
0.92
0.97
1.05
1.14
1.25
1.38
1.51
1.63
1.72
1.79
1.81
1.79
1.72
1.60
1.44
1.24
1.02
0.79
0.57
0.37
0.21
0.09
0.02
0.00
0.04
0.13
0.25
0.42
0.60
0.79
0.98
1.14
1.28
1.39
1.46
1.49
1.48
1.44
1.38
1.30
1.21
1.12
1.03
0.95
0.89
0.85
0.82
0.81
0.81
0.82
0.85
0.87
0.90
0.93
0.95
0.97
0.98
0.98
0.98
0.98
0.98
0.98
0.97
0.98
0.98
0.99
1.00
1.01
1.01
1.01
1.01
1.00
0.98
0.96
0.93
0.91
0.89
0.87
0.87
0.87
0.90
0.94
1.00
1.09
1.20
1.32
1.45
1.57
1.68
1.76
1.81
1.81
1.00
1.59
1.90
2.08
2.18
2.23
2.24
2.23
2.19
2.14
2.07
1.99
1.90
1.80
1.69
1.58
1.47
1.36
1.26
1.16
1.07
0.99
0.92
0.86
0.82
0.80
0.80
0.82
0.86
0.92
0.99
1.06
1.12
1.19
1.24
1.27
1.29
1.30
1.29
1.27
1.24
1.21
1.17
1.12
1.07
1.02
0.96
0.90
0.84
0.79
0.74
0.71
0.70
0.70
0.72
0.76
0.83
0.90
0.99
1.08
1.18
1.27
1.35
1.42
1.46
1.48
1.47
1.43
1.36
1.27
1.15
1.02
0.86
0.70
0.54
0.39
0.25
0.13
0.05
0.01
0.01
0.05
0.14
0.26
0.42
0.60
0.78
0.97
1.14
1.29
1.42
1.51
1.56
1.59
1.58
1.54
1.48
1.41
1.32
1.23
1.14
1.05
0.97
0.90
0.85
0.81
0.79
0.79
0.82
0.87
0.93
1.00
1.07
1.14
1.20
1.26
1.29
1.32
1.32
1.32
1.30
1.27
1.23
1.19
1.14
1.09
1.03
0.97
0.91
0.85
0.79
0.75
0.72
0.71
0.72
0.75
0.80
0.87
0.95
1.05
1.14
1.24
1.33
1.41
1.47
1.50
1.51
1.49
1.44
1.36
1.26
1.12
0.97
0.80
0.63
0.47
0.32
0.18
0.08
0.02
0.00
0.03
0.09
0.20
0.34
0.51
0.68
0.87
1.04
1.20
1.34
1.45
1.52
1.56
1.57
1.55
1.50
1.44
1.36
1.27
1.18
1.09
1.00
0.93
0.87
0.82
0.79
0.79
0.80
0.84
0.89
0.96
1.03
1.10
1.17
1.23
1.27
1.31
1.32
1.32
1.31
1.28
1.25
1.21
1.16
1.11
1.05
0.99
0.93
0.87
0.81
0.76
0.73
0.71
0.71
0.73
0.77
0.83
0.91
1.00
1.10
1.20
1.29
1.38
1.45
1.50
1.52
1.52
1.48
1.00
1.57
1.89
2.07
2.19
2.25
2.28
2.28
2.27
2.23
2.18
2.12
2.04
1.95
1.85
1.74
1.63
1.51
1.38
1.26
1.14
1.03
0.92
0.83
0.76
0.70
0.66
0.64
0.65
0.68
0.73
0.79
0.87
0.95
1.03
1.11
1.17
1.22
1.26
1.27
1.27
1.24
1.20
1.14
1.08
1.01
0.94
0.87
0.81
0.76
0.72
0.71
0.71
0.74
0.78
0.84
0.92
1.01
1.10
1.20
1.29
1.37
1.44
1.50
1.52
1.53
1.50
1.45
1.38
1.27
1.15
1.00
0.84
0.68
0.52
0.37
0.24
0.13
0.05
0.01
0.01
0.05
0.13
0.24
0.38
0.55
0.73
0.92
1.11
1.28
1.44
1.57
1.67
1.73
1.75
1.74
1.70
1.63
1.53
1.42
1.31
1.18
1.06
0.95
0.85
0.77
0.71
0.68
0.67
0.68
0.71
0.76
0.83
0.90
0.98
1.06
1.14
1.20
1.25
1.28
1.29
1.28
1.26
1.21
1.15
1.08
1.01
0.93
0.87
0.81
0.77
0.74
0.73
0.74
0.77
0.82
0.88
0.96
1.05
1.15
1.25
1.34
1.42
1.49
1.54
1.56
1.56
1.53
1.47
1.38
1.26
1.12
0.97
0.80
0.63
0.46
0.31
0.19
0.09
0.03
0.00
0.02
0.07
0.16
0.28
0.43
0.60
0.78
0.96
1.14
1.31
1.45
1.57
1.66
1.71
1.73
1.71
1.66
1.59
1.49
1.38
1.26
1.14
1.02
0.91
0.82
0.74
0.69
0.66
0.66
0.68
0.72
0.77
0.84
0.92
1.00
1.08
1.15
1.21
1.25
1.28
1.28
1.27
1.23
1.18
1.12
1.05
0.98
0.91
0.84
0.79
0.75
0.73
0.73
0.74
0.78
0.84
0.91
0.99
1.09
1.19
1.29
1.38
1.46
1.52
1.56
1.57
1.56
1.52
1.00
1.56
1.88
2.07
2.19
2.27
2.30
2.31
2.31
2.29
2.25
2.19
2.11
2.03
1.93
1.83
1.73
1.61
1.50
1.39
1.28
1.19
1.10
1.02
0.95
0.91
0.87
0.86
0.86
0.87
0.90
0.94
0.99
1.04
1.09
1.14
1.18
1.22
1.23
1.24
1.24
1.22
1.19
1.15
1.11
1.06
1.01
0.97
0.93
0.91
0.89
0.89
0.90
0.93
0.97
1.03
1.09
1.16
1.23
1.30
1.36
1.41
1.44
1.45
1.44
1.41
1.36
1.28
1.19
1.08
0.95
0.82
0.69
0.55
0.42
0.30
0.19
0.11
0.05
0.02
0.01
0.04
0.10
0.19
0.31
0.45
0.61
0.77
0.94
1.10
1.25
1.38
1.49
1.56
1.60
1.62
1.60
1.56
1.50
1.42
1.34
1.24
1.15
1.07
0.99
0.93
0.88
0.85
0.84
0.84
0.86
0.89
0.93
0.98
1.03
1.09
1.13
1.18
1.21
1.23
1.24
1.23
1.22
1.19
1.15
1.10
1.06
1.01
0.97
0.93
0.91
0.90
0.90
0.92
0.96
1.00
1.06
1.13
1.20
1.27
1.34
1.39
1.43
1.46
1.47
1.45
1.42
1.36
1.28
1.17
1.05
0.92
0.78
0.64
0.50
0.37
0.25
0.15
0.07
0.03
0.01
0.02
0.06
0.13
0.23
0.35
0.50
0.65
0.82
0.98
1.13
1.27
1.38
1.48
1.55
1.58
1.59
1.57
1.52
1.46
1.38
1.30
1.20
1.12
1.03
0.96
0.90
0.86
0.84
0.83
0.84
0.86
0.89
0.94
0.99
1.04
1.09
1.14
1.18
1.22
1.24
1.24
1.23
1.21
1.18
1.14
1.09
1.04
1.00
0.96
0.93
0.91
0.90
0.91
0.93
0.97
1.02
1.08
1.16
1.23
1.30
1.37
1.43
1.47
1.49
1.50
1.48
1.43
1.36

