0
1.000
1.572
1.851
-1.467
-0.520
0.011
-0.460
-1.053
-1.879
3.152
4.861
10.887
-76.758
-9.620
-5.557
-4.119
-3.388
-2.943
-2.642
-2.426
-2.260
-2.127
-2.017
-1.923
-1.842
-1.768
-1.681
-1.560
-1.393
-1.196
-0.964
-0.704
-0.484
-0.369
-0.331
-0.320
-0.291
-0.185
0.054
0.411
0.790
0.885
0.578
0.303
0.093
-0.034
-0.099
-0.119
-0.117
-0.092
-0.049
0.008
0.077
0.151
0.224
0.292
0.337
0.310
0.082
-0.649
-2.820
-12.170
60.383
16.556
-6.982
-2.429
-0.321
0.590
0.789
0.523
-0.086
-0.978
1.794
0.326
-1.158
1.044
-0.267
-1.387
1.774
1.523
1.746
-2.122
-1.233
-0.077
1.190
-2.234
-1.091
-0.172
0.497
0.943
1.211
1.347
1.380
1.338
1.243
1.113
0.956
0.782
0.603
0.422
0.244
0.074
-0.077
-0.212
-0.332
-0.437
-0.515
-0.552
-0.553
-0.502
-0.389
-0.233
-0.089
0.002
0.042
0.051
0.040
0.066
0.198
0.447
0.767
-0.989
-0.590
-0.256
0.016
-0.136
-0.234
-0.302
-0.355
-0.399
-0.438
-0.479
-0.524
-0.569
-0.620
-0.676
-0.738
-0.789
-0.758
-0.621
-0.467
-0.435
-0.571
-0.909
-1.453
1.847
1.256
0.723
0.375
0.341
0.782
1.866
-2.709
-0.552
2.152
-2.041
0.766
3.185
-1.985
-0.907
-0.623
-1.010
-1.914
2.922
1.428
-0.082
-1.504
-2.754
2.721
2.079
1.648
1.409
1.319
1.349
1.472
1.659
1.888
2.141
2.414
2.686
2.969
3.227
3.474
3.703
3.976
4.297
4.647
4.993
5.249
5.261
4.867
4.149
3.453
2.915
2.704
3.116
4.342
5.639
4.670
-5.330
-2183.600
52.348
-32.964
-13.427
-5.801
-2.806
-1.897
-1.917
-2.451
-3.187
-4.053
-5.017
4.687
3.763
3.287
3.017
2.821
2.528
1.970
1.171
0.391
-0.137
-0.360
-0.180
0.407
1.266
2.176
2.955
-2.244
0
1.000
1.589
1.901
-0.754
0.173
-1.376
0.892
66.298
-2.704
-0.604
-0.007
-0.327
-0.690
-1.043
-1.160
4.860
-5.540
-5.795
4.628
2.263
0.429
-1.270
-2.996
-4.903
-7.038
-9.174
-10.936
-10.603
-6.284
0.700
5.869
7.945
8.233
7.877
7.396
6.951
6.578
6.238
5.922
5.547
5.158
4.734
4.259
3.751
3.206
2.634
2.039
1.414
0.810
0.211
-0.379
-0.956
-1.502
-1.996
-2.346
-2.478
-2.241
-1.467
-0.115
1.712
3.717
5.565
-3.259
-1.276
0.089
0.857
1.108
0.928
0.384
-0.472
-1.617
1.910
0.216
-1.712
1.604
-0.479
-2.856
2.667
1.323
0.303
0.329
5.379
-230.012
24.371
4.077
-5.803
8.824
0.443
-8.108
11.783
6.446
-1.938
149.980
11.180
4.288
0.207
-3.147
-6.251
9.121
5.324
2.113
-0.615
-2.879
-4.633
-5.764
-6.160
-5.779
-4.646
-2.987
-1.052
0.774
2.291
3.429
4.241
4.842
5.339
5.774
6.129
6.475
6.692
6.750
6.581
6.272
5.785
5.132
4.342
3.472
2.533
1.578
0.626
-0.318
-1.215
-2.037
-2.776
-3.358
-3.649
-3.500
-2.728
-1.227
0.939
3.612
6.449
-6.921
-3.717
-1.197
0.502
1.371
1.469
0.882
-0.314
-2.056
-4.298
1.725
-1.412
4.311
0.918
-2.738
5.390
2.989
1.055
0.098
1.359
8.273
33.855
-82.185
-13.471
-69.288
33.069
-18.937
-117.489
-759.000
-18.013
2.571
5.062
3.422
0.405
-3.186
-7.039
-11.037
8.272
3.835
-0.037
-3.336
-5.936
-7.775
-8.678
-8.620
-7.580
-5.722
-3.404
-0.989
1.200
2.942
4.241
5.208
5.965
6.620
7.214
7.734
8.132
8.358
8.390
8.143
7.681
6.942
5.918
4.775
3.464
2.089
0.692
-0.691
-2.026
-3.282
-4.410
-5.351
-5.949
-6.008
-5.312
-3.682
-0.991
2.584
6.666
10.750
-7.947
-3.732
-0.583
1.362
2.126
1.809
0
1.000
1.574
1.886
2.067
2.173
-1.547
-0.741
-0.215
0.134
-0.448
-0.833
-1.299
-1.865
2.478
3.204
-4.536
-5.987
-7.929
-10.496
-13.550
-14.667
-6.974
4.825
9.251
9.419
8.496
7.413
6.376
5.423
4.544
3.727
2.956
2.203
1.483
0.781
0.090
-0.574
-1.184
-1.709
-2.109
-2.349
-2.304
-1.975
-1.326
-0.412
0.725
1.888
2.911
3.658
4.072
4.137
3.862
3.296
2.461
1.407
0.132
-1.390
-3.262
-5.612
-8.730
-13.270
16.715
23.513
57.972
-79.801
-25.034
-16.924
-14.702
12.473
8.385
4.800
1.236
-2.743
-7.752
-15.065
17.251
20.274
240.742
-4.375
-0.423
-0.262
-1.008
-2.141
-3.498
-5.011
6.339
4.101
2.033
0.078
-1.786
-3.594
-5.359
-7.080
-8.700
9.322
10.636
-12.228
-12.435
-11.773
-10.140
-7.447
-3.918
-0.085
3.431
6.224
8.103
9.099
9.286
8.948
8.206
7.201
5.993
4.693
3.355
2.001
0.676
-0.550
-1.625
-2.531
-3.203
-3.566
-3.575
-3.189
-2.406
-1.261
0.176
1.733
3.258
4.567
5.549
6.069
6.079
5.621
4.723
3.379
1.665
-0.355
-2.642
-5.306
-8.350
-11.800
15.821
15.731
16.640
19.368
25.631
40.069
79.800
283.203
398.294
98.118
37.722
-3.810
-73.191
-1819.692
-147.880
-42.493
-15.099
-4.995
-1.173
-0.107
-0.497
-1.700
-3.413
-5.447
-7.705
7.690
4.700
1.882
-0.766
-3.258
-5.580
-7.664
-9.481
-10.972
11.874
-12.508
-12.338
-11.403
-9.701
-7.266
-4.315
-1.119
1.990
4.748
6.934
8.432
9.244
9.452
9.127
8.394
7.338
6.073
4.676
3.216
1.742
0.373
-0.854
-1.910
-2.730
-3.223
-3.360
-3.161
-2.599
-1.671
-0.427
0.966
2.441
3.827
5.023
5.844
6.241
6.149
5.546
4.447
2.944
1.078
-1.089
-3.529
-6.198
-9.031
-12.058
14.203
13.496
13.542
14.397
16.528
20.334
26.460
0
1.000
1.554
1.870
2.062
2.184
2.251
2.283
2.292
2.284
2.257
-1.955
-1.565
-1.283
-1.085
-0.950
-0.865
-0.818
-0.804
-0.814
-0.841
-0.881
-0.931
-0.987
-1.041
-1.093
1.065
1.027
1.003
0.993
0.995
1.010
1.033
1.062
-1.094
-1.054
-1.015
-0.984
-0.962
-0.951
-0.952
-0.967
-0.990
-1.021
1.047
1.005
0.962
0.921
0.885
0.856
0.835
0.825
0.827
0.842
0.871
0.912
0.965
1.029
-1.058
-0.982
-0.905
-0.833
-0.772
-0.727
-0.701
-0.695
-0.714
-0.757
-0.821
-0.904
-1.007
0.923
0.799
0.669
0.540
0.415
0.299
0.198
0.114
0.053
0.018
0.011
0.034
0.087
0.169
0.278
0.407
0.550
0.702
0.856
1.004
1.141
-1.103
-0.991
-0.899
-0.832
-0.785
-0.762
-0.761
-0.779
-0.810
-0.856
-0.911
-0.972
-1.034
-1.093
1.090
1.043
1.010
0.990
0.983
0.988
1.008
1.035
1.068
1.105
-1.090
-1.055
-1.028
-1.012
-1.005
-1.010
-1.028
-1.054
-1.089
1.073
1.029
0.986
0.946
0.912
0.884
0.866
0.858
0.864
0.882
0.914
0.959
1.018
1.084
-1.058
-0.979
-0.904
-0.838
-0.785
-0.747
-0.730
-0.736
-0.766
-0.820
-0.896
-0.993
1.046
0.921
0.786
0.648
0.512
0.384
0.268
0.168
0.089
0.036
0.010
0.013
0.046
0.109
0.197
0.308
0.438
0.580
0.729
0.877
1.019
1.150
-1.050
-0.949
-0.868
-0.809
-0.772
-0.756
-0.761
-0.784
-0.823
-0.873
-0.930
-0.991
-1.052
-1.110
1.088
1.047
1.017
1.000
0.996
1.007
1.026
1.056
1.089
-1.119
-1.085
-1.056
-1.035
-1.024
-1.024
-1.036
-1.058
-1.088
1.099
1.055
1.012
0.971
0.933
0.901
0.878
0.865
0.863
0.874
0.901
0.941
0.994
1.057
-1.103
-1.025
-0.947
-0.875
-0.811
-0.763
-0.733
-0.724
-0.739
-0.779
-0.844

