1.00
1.00
1.51
1.80
1.95
2.01
2.01
1.98
1.92
1.86
1.79
1.73
1.68
1.63
1.59
1.56
1.53
1.50
1.47
1.45
1.43
1.41
1.39
1.38
1.37
1.36
1.35
1.34
1.34
1.35
1.37
1.39
1.38
1.36
1.36
1.40
1.48
1.58
1.71
1.82
1.89
1.92
1.92
1.90
1.88
1.88
1.90
1.93
1.97
2.01
2.05
2.05
2.01
1.92
1.78
1.60
1.41
1.21
1.02
0.87
0.76
0.71
0.70
0.75
0.82
0.91
1.00
1.09
1.16
1.23
1.28
1.32
1.35
1.37
1.38
1.39
1.38
1.37
1.35
1.33
1.30
1.27
1.24
1.21
1.19
1.16
1.14
1.12
1.12
1.12
1.13
1.16
1.18
1.19
1.21
1.24
1.30
1.38
1.47
1.58
1.67
1.74
1.77
1.79
1.80
1.81
1.82
1.85
1.89
1.94
1.98
2.02
2.03
2.00
1.93
1.83
1.69
1.54
1.39
1.24
1.13
1.05
1.01
1.02
1.05
1.11
1.17
1.24
1.30
1.35
1.39
1.42
1.45
1.47
1.48
1.48
1.49
1.49
1.48
1.48
1.47
1.46
1.46
1.45
1.44
1.44
1.43
1.43
1.43
1.43
1.43
1.44
1.45
1.44
1.42
1.39
1.37
1.36
1.36
1.39
1.43
1.48
1.52
1.54
1.55
1.55
1.57
1.59
1.62
1.66
1.71
1.76
1.80
1.82
1.81
1.76
1.67
1.56
1.44
1.32
1.20
1.11
1.04
1.02
1.02
1.05
1.10
1.15
1.20
1.25
1.29
1.32
1.35
1.37
1.38
1.39
1.40
1.40
1.39
1.39
1.38
1.38
1.37
1.36
1.35
1.34
1.33
1.31
1.29
1.26
1.22
1.20
1.19
1.20
1.20
1.18
1.16
1.14
1.14
1.15
1.19
1.25
1.31
1.34
1.37
1.38
1.39
1.41
1.43
1.45
1.00
1.00
1.57
1.86
2.01
2.07
2.06
2.01
1.93
1.83
1.71
1.59
1.47
1.37
1.28
1.21
1.16
1.13
1.11
1.10
1.09
1.09
1.08
1.07
1.06
1.05
1.03
1.02
1.01
1.00
0.99
0.99
0.99
1.00
1.01
1.02
1.04
1.05
1.05
1.06
1.06
1.06
1.06
1.05
1.04
1.04
1.06
1.10
1.16
1.22
1.27
1.29
1.26
1.19
1.07
0.90
0.70
0.50
0.30
0.14
0.03
0.01
0.07
0.21
0.41
0.64
0.88
1.09
1.26
1.38
1.43
1.44
1.40
1.35
1.29
1.22
1.17
1.14
1.11
1.10
1.10
1.09
1.09
1.09
1.08
1.07
1.06
1.05
1.04
1.03
1.02
1.02
1.01
1.01
1.02
1.03
1.04
1.06
1.07
1.07
1.08
1.08
1.08
1.08
1.07
1.06
1.06
1.08
1.13
1.19
1.25
1.30
1.31
1.28
1.19
1.06
0.88
0.67
0.45
0.26
0.10
0.02
0.02
0.10
0.25
0.46
0.69
0.92
1.12
1.27
1.38
1.42
1.42
1.38
1.33
1.27
1.21
1.16
1.13
1.11
1.10
1.09
1.09
1.09
1.09
1.09
1.08
1.07
1.06
1.05
1.04
1.03
1.02
1.02
1.02
1.02
1.04
1.05
1.07
1.08
1.09
1.10
1.10
1.10
1.09
1.08
1.07
1.07
1.09
1.14
1.20
1.27
1.31
1.31
1.27
1.17
1.03
0.84
0.62
0.41
0.21
0.08
0.01
0.03
0.13
0.30
0.51
0.75
0.97
1.16
1.30
1.39
1.43
1.42
1.37
1.31
1.25
1.19
1.15
1.12
1.10
1.09
1.09
1.09
1.09
1.09
1.09
1.08
1.07
1.06
1.05
1.05
1.04
1.03
1.03
1.03
1.03
1.05
1.06
1.07
1.09
1.09
1.10
1.10
1.09
1.08
1.06
1.06
1.06
1.09

