1.00
1.00
1.32
1.47
1.54
1.60
1.63
1.64
1.61
1.61
1.58
1.52
1.47
1.41
1.36
1.31
1.27
1.23
1.23
1.22
1.22
1.22
1.22
1.21
1.21
1.20
1.20
1.20
1.20
1.20
1.21
1.21
1.23
1.26
1.29
1.32
1.36
1.39
1.42
1.46
1.47
1.43
1.35
1.28
1.21
1.18
1.28
1.36
1.45
1.54
1.63
1.69
1.76
1.79
1.80
1.78
1.76
1.73
1.70
1.67
1.65
1.63
1.62
1.60
1.59
1.58
1.57
1.56
1.55
1.54
1.53
1.52
1.51
1.51
1.50
1.50
1.49
1.50
1.51
1.53
1.55
1.56
1.57
1.58
1.60
1.59
1.54
1.49
1.43
1.39
1.38
1.42
1.49
1.54
1.60
1.66
1.72
1.77
1.79
1.79
1.80
1.78
1.76
1.75
1.74
1.73
1.72
1.71
1.71
1.70
1.69
1.69
1.68
1.68
1.67
1.66
1.65
1.65
1.64
1.64
1.63
1.62
1.62
1.63
1.63
1.65
1.66
1.67
1.67
1.69
1.68
1.65
1.60
1.56
1.53
1.50
1.53
1.56
1.60
1.64
1.68
1.73
1.76
1.78
1.79
1.79
1.77
1.76
1.75
1.74
1.72
1.71
1.71
1.70
1.69
1.69
1.68
1.67
1.67
1.66
1.66
1.65
1.64
1.64
1.63
1.62
1.62
1.61
1.61
1.62
1.62
1.63
1.63
1.63
1.64
1.64
1.61
1.56
1.49
1.43
1.37
1.37
1.38
1.40
1.43
1.47
1.51
1.54
1.56
1.57
1.57
1.56
1.55
1.55
1.54
1.53
1.53
1.52
1.51
1.51
1.50
1.49
1.49
1.48
1.48
1.47
1.46
1.45
1.45
1.44
1.43
1.42
1.41
1.40
1.39
1.38
1.38
1.37
1.36
1.35
1.35
1.33
1.29
1.23
1.19
1.14
1.12
1.14
1.16
1.19
1.00
1.00
1.32
1.45
1.52
1.55
1.55
1.53
1.49
1.42
1.36
1.31
1.26
1.23
1.19
1.17
1.15
1.14
1.13
1.12
1.10
1.08
1.07
1.06
1.07
1.08
1.09
1.08
1.08
1.08
1.08
1.08
1.09
1.11
1.12
1.12
1.12
1.10
1.06
0.99
0.89
0.77
0.63
0.46
0.27
0.07
0.19
0.41
0.61
0.79
0.94
1.07
1.17
1.22
1.23
1.23
1.22
1.20
1.18
1.16
1.15
1.15
1.14
1.14
1.13
1.12
1.10
1.08
1.08
1.09
1.10
1.11
1.11
1.11
1.10
1.10
1.11
1.12
1.14
1.15
1.16
1.16
1.15
1.12
1.05
0.96
0.84
0.70
0.53
0.34
0.13
0.12
0.33
0.54
0.72
0.88
1.01
1.12
1.19
1.21
1.22
1.21
1.20
1.18
1.17
1.16
1.15
1.14
1.14
1.14
1.13
1.11
1.09
1.08
1.08
1.10
1.11
1.11
1.11
1.11
1.11
1.11
1.12
1.14
1.16
1.16
1.17
1.16
1.14
1.09
1.01
0.90
0.77
0.61
0.43
0.22
0.08
0.24
0.45
0.63
0.80
0.94
1.06
1.15
1.19
1.21
1.20
1.19
1.18
1.17
1.15
1.15
1.14
1.14
1.14
1.13
1.12
1.10
1.08
1.08
1.09
1.10
1.11
1.11
1.11
1.11
1.11
1.12
1.13
1.15
1.16
1.17
1.17
1.16
1.12
1.05
0.95
0.83
0.68
0.51
0.30
0.12
0.15
0.36
0.56
0.73
0.88
1.01
1.11
1.17
1.20
1.20
1.19
1.19
1.17
1.16
1.15
1.14
1.14
1.14
1.13
1.12
1.11
1.09
1.08
1.09
1.10
1.11
1.11
1.11
1.11
1.12
1.12
1.13
1.15
1.16
1.17
1.17
1.17
1.14
1.08
1.00
0.89
0.75
0.59
0.39
0.19
0.09
0.28
0.48
1.00
1.00
1.33
1.47
1.54
1.56
1.55
1.52
1.47
1.43
1.38
1.32
1.26
1.20
1.17
1.15
1.14
1.13
1.11
1.09
1.07
1.04
1.01
1.00
1.03
1.05
1.06
1.07
1.09
1.09
1.09
1.08
1.09
1.11
1.14
1.15
1.15
1.12
1.08
1.02
0.93
0.81
0.65
0.48
0.28
0.08
0.17
0.40
0.61
0.80
0.96
1.08
1.17
1.22
1.24
1.25
1.24
1.21
1.18
1.15
1.14
1.14
1.14
1.12
1.10
1.09
1.07
1.04
1.01
1.03
1.06
1.08
1.09
1.11
1.12
1.12
1.11
1.11
1.14
1.17
1.19
1.19
1.17
1.14
1.08
1.00
0.88
0.73
0.55
0.36
0.15
0.10
0.31
0.52
0.72
0.89
1.02
1.12
1.18
1.22
1.24
1.24
1.22
1.19
1.16
1.15
1.14
1.14
1.13
1.11
1.09
1.07
1.04
1.01
1.02
1.04
1.07
1.09
1.10
1.12
1.12
1.12
1.12
1.13
1.16
1.19
1.20
1.20
1.17
1.13
1.05
0.95
0.81
0.64
0.45
0.24
0.08
0.21
0.43
0.63
0.81
0.96
1.07
1.15
1.20
1.23
1.24
1.23
1.20
1.17
1.15
1.14
1.14
1.13
1.12
1.10
1.08
1.06
1.03
1.01
1.03
1.06
1.08
1.10
1.12
1.13
1.12
1.12
1.13
1.16
1.19
1.21
1.21
1.19
1.16
1.10
1.00
0.88
0.72
0.54
0.34
0.13
0.12
0.33
0.54
0.73
0.89
1.02
1.11
1.17
1.21
1.23
1.23
1.21
1.18
1.16
1.14
1.14
1.13
1.12
1.11
1.09
1.07
1.04
1.01
1.03
1.05
1.07
1.09
1.11
1.13
1.13
1.12
1.12
1.15
1.18
1.20
1.22
1.20
1.18
1.13
1.05
0.94
0.80
0.62
0.43
0.22
0.08
0.24
0.45
1.00
1.00
1.33
1.48
1.55
1.58
1.58
1.56
1.53
1.48
1.43
1.36
1.29
1.23
1.18
1.15
1.11
1.08
1.05
1.02
1.01
1.00
0.99
0.99
1.00
1.02
1.02
1.04
1.06
1.09
1.10
1.11
1.14
1.17
1.19
1.20
1.20
1.16
1.10
1.02
0.91
0.78
0.63
0.45
0.26
0.08
0.17
0.38
0.59
0.78
0.94
1.08
1.18
1.26
1.30
1.31
1.30
1.26
1.22
1.19
1.16
1.13
1.10
1.07
1.04
1.03
1.02
1.00
1.00
1.01
1.03
1.04
1.05
1.07
1.09
1.11
1.13
1.15
1.18
1.22
1.24
1.25
1.22
1.17
1.09
0.98
0.85
0.70
0.53
0.34
0.15
0.10
0.30
0.51
0.70
0.87
1.02
1.13
1.21
1.27
1.30
1.30
1.28
1.24
1.20
1.17
1.15
1.12
1.09
1.05
1.03
1.02
1.01
0.99
1.00
1.02
1.03
1.04
1.06
1.08
1.11
1.12
1.14
1.18
1.21
1.24
1.26
1.25
1.21
1.14
1.05
0.93
0.78
0.61
0.43
0.23
0.09
0.21
0.41
0.61
0.79
0.94
1.07
1.17
1.24
1.28
1.29
1.28
1.25
1.22
1.18
1.16
1.13
1.10
1.07
1.03
1.02
1.00
0.98
0.98
1.00
1.01
1.03
1.04
1.06
1.09
1.11
1.13
1.16
1.20
1.24
1.26
1.26
1.24
1.18
1.10
0.99
0.85
0.69
0.52
0.32
0.13
0.12
0.32
0.52
0.71
0.87
1.01
1.12
1.20
1.26
1.29
1.29
1.27
1.23
1.20
1.17
1.15
1.12
1.08
1.04
1.02
1.01
0.99
0.98
0.98
1.00
1.02
1.03
1.05
1.08
1.11
1.13
1.15
1.19
1.23
1.26
1.28
1.26
1.22
1.15
1.05
0.92
0.77
0.60
0.41
0.21
0.09
0.23
0.43
1.00
1.00
1.33
1.48
1.55
1.59
1.60
1.58
1.56
1.51
1.46
1.41
1.34
1.28
1.21
1.15
1.09
1.03
0.99
0.98
0.97
0.96
0.96
0.96
0.97
0.99
1.00
1.01
1.03
1.08
1.13
1.17
1.21
1.23
1.25
1.24
1.21
1.16
1.10
1.00
0.89
0.76
0.61
0.44
0.26
0.08
0.16
0.37
0.57
0.76
0.93
1.08
1.19
1.27
1.33
1.35
1.35
1.32
1.29
1.24
1.19
1.13
1.07
1.02
0.99
0.98
0.98
0.97
0.97
0.98
0.99
1.00
1.01
1.03
1.08
1.13
1.18
1.22
1.26
1.29
1.29
1.27
1.23
1.17
1.08
0.97
0.84
0.69
0.52
0.34
0.15
0.09
0.28
0.49
0.68
0.85
1.00
1.13
1.22
1.29
1.33
1.34
1.34
1.31
1.27
1.21
1.16
1.10
1.04
1.00
0.98
0.98
0.97
0.96
0.97
0.98
1.00
1.00
1.01
1.05
1.11
1.16
1.20
1.25
1.28
1.30
1.29
1.27
1.21
1.14
1.04
0.92
0.77
0.61
0.43
0.24
0.09
0.19
0.39
0.58
0.76
0.92
1.06
1.17
1.25
1.31
1.33
1.34
1.32
1.29
1.24
1.18
1.12
1.06
1.00
0.98
0.97
0.96
0.96
0.96
0.97
0.99
1.00
1.01
1.03
1.09
1.14
1.19
1.24
1.28
1.31
1.31
1.29
1.25
1.19
1.10
0.98
0.85
0.69
0.51
0.33
0.14
0.11
0.29
0.49
0.68
0.85
1.00
1.12
1.21
1.28
1.32
1.34
1.33
1.30
1.26
1.21
1.15
1.09
1.03
0.99
0.98
0.97
0.96
0.96
0.96
0.98
0.99
1.00
1.02
1.06
1.12
1.17
1.22
1.26
1.30
1.31
1.31
1.28
1.23
1.15
1.04
0.92
0.77
0.60
0.42
0.23
0.09
0.20
0.39
1.00
1.00
1.32
1.48
1.56
1.60
1.61
1.60
1.58
1.55
1.50
1.45
1.38
1.32
1.25
1.17
1.09
1.02
0.97
0.95
0.94
0.95
0.96
0.96
0.96
0.96
0.97
0.99
1.03
1.09
1.16
1.22
1.25
1.27
1.27
1.26
1.22
1.16
1.08
0.98
0.87
0.74
0.59
0.42
0.25
0.10
0.17
0.37
0.56
0.74
0.91
1.05
1.17
1.26
1.33
1.36
1.37
1.36
1.32
1.28
1.21
1.14
1.06
1.00
0.97
0.95
0.95
0.95
0.96
0.96
0.96
0.96
0.98
1.02
1.07
1.15
1.22
1.27
1.30
1.31
1.31
1.28
1.23
1.16
1.07
0.96
0.83
0.68
0.51
0.33
0.17
0.12
0.28
0.47
0.66
0.82
0.98
1.10
1.21
1.28
1.34
1.36
1.36
1.33
1.30
1.24
1.17
1.10
1.03
0.98
0.96
0.95
0.95
0.96
0.97
0.96
0.97
0.97
1.00
1.05
1.12
1.19
1.26
1.30
1.33
1.33
1.31
1.27
1.21
1.13
1.03
0.90
0.76
0.60
0.42
0.24
0.11
0.19
0.38
0.57
0.74
0.90
1.04
1.16
1.24
1.31
1.35
1.36
1.34
1.31
1.27
1.20
1.13
1.06
1.00
0.96
0.94
0.94
0.95
0.95
0.96
0.96
0.96
0.98
1.02
1.09
1.17
1.24
1.30
1.34
1.34
1.34
1.31
1.26
1.19
1.09
0.97
0.84
0.68
0.51
0.33
0.15
0.12
0.29
0.48
0.66
0.83
0.98
1.10
1.20
1.28
1.33
1.35
1.36
1.33
1.29
1.24
1.17
1.10
1.03
0.98
0.95
0.94
0.94
0.95
0.96
0.96
0.96
0.97
1.00
1.05
1.13
1.20
1.27
1.32
1.35
1.35
1.33
1.29
1.23
1.15
1.04
0.91
0.76
0.60
0.42
0.23
0.10
0.20
0.38
1.00
1.00
1.33
1.48
1.56
1.60
1.62
1.61
1.59
1.56
1.51
1.47
1.40
1.33
1.25
1.17
1.08
1.00
0.93
0.91
0.92
0.93
0.94
0.95
0.94
0.94
0.93
0.95
1.01
1.10
1.17
1.23
1.28
1.30
1.30
1.28
1.24
1.18
1.10
1.00
0.89
0.76
0.60
0.44
0.27
0.11
0.16
0.34
0.54
0.72
0.89
1.04
1.16
1.26
1.33
1.37
1.39
1.38
1.35
1.29
1.23
1.14
1.06
0.98
0.93
0.93
0.93
0.94
0.95
0.95
0.95
0.94
0.95
0.99
1.07
1.16
1.23
1.29
1.32
1.34
1.33
1.30
1.25
1.17
1.08
0.97
0.84
0.69
0.52
0.34
0.16
0.10
0.26
0.45
0.63
0.81
0.96
1.09
1.20
1.28
1.33
1.37
1.37
1.35
1.31
1.25
1.18
1.09
1.01
0.95
0.93
0.94
0.95
0.96
0.96
0.95
0.94
0.94
0.96
1.02
1.11
1.19
1.25
1.30
1.33
1.33
1.31
1.28
1.21
1.13
1.03
0.91
0.76
0.60
0.43
0.25
0.10
0.17
0.35
0.53
0.71
0.87
1.01
1.13
1.22
1.29
1.34
1.36
1.36
1.33
1.28
1.22
1.14
1.05
0.98
0.93
0.92
0.93
0.94
0.95
0.95
0.94
0.93
0.94
0.98
1.06
1.15
1.22
1.28
1.32
1.34
1.34
1.31
1.26
1.19
1.10
0.98
0.85
0.70
0.53
0.34
0.16
0.10
0.26
0.45
0.63
0.79
0.94
1.08
1.18
1.26
1.32
1.35
1.36
1.35
1.31
1.25
1.17
1.09
1.01
0.94
0.92
0.92
0.93
0.94
0.94
0.93
0.93
0.93
0.95
1.02
1.11
1.20
1.26
1.31
1.34
1.35
1.34
1.30
1.24
1.15
1.05
0.93
0.78
0.62
0.44
0.25
0.11
0.18
0.36
1.00
1.00
1.33
1.48
1.56
1.60
1.61
1.61
1.59
1.56
1.51
1.46
1.40
1.32
1.24
1.15
1.06
0.96
0.87
0.84
0.86
0.88
0.89
0.90
0.90
0.89
0.88
0.91
1.00
1.10
1.19
1.26
1.31
1.33
1.34
1.32
1.27
1.21
1.13
1.02
0.90
0.76
0.61
0.44
0.25
0.09
0.17
0.37
0.57
0.76
0.93
1.08
1.20
1.30
1.37
1.41
1.42
1.40
1.36
1.30
1.22
1.13
1.02
0.92
0.87
0.87
0.89
0.91
0.92
0.92
0.91
0.89
0.91
0.97
1.07
1.17
1.25
1.31
1.35
1.37
1.36
1.34
1.28
1.21
1.11
0.99
0.85
0.69
0.53
0.34
0.17
0.14
0.28
0.48
0.67
0.84
1.00
1.13
1.24
1.32
1.38
1.40
1.40
1.37
1.33
1.26
1.17
1.07
0.96
0.88
0.87
0.88
0.90
0.92
0.92
0.91
0.90
0.89
0.93
1.02
1.12
1.21
1.28
1.33
1.36
1.37
1.35
1.31
1.25
1.16
1.05
0.92
0.77
0.61
0.43
0.24
0.12
0.19
0.38
0.57
0.75
0.91
1.05
1.17
1.27
1.34
1.38
1.40
1.39
1.35
1.29
1.21
1.12
1.02
0.92
0.87
0.87
0.90
0.91
0.92
0.92
0.90
0.89
0.89
0.96
1.07
1.17
1.25
1.31
1.36
1.38
1.37
1.34
1.29
1.22
1.12
1.00
0.86
0.70
0.52
0.33
0.16
0.12
0.28
0.47
0.66
0.83
0.98
1.11
1.22
1.31
1.36
1.39
1.40
1.37
1.33
1.26
1.17
1.07
0.96
0.89
0.86
0.88
0.89
0.91
0.91
0.90
0.88
0.87
0.91
1.02
1.12
1.21
1.29
1.34
1.37
1.38
1.37
1.33
1.26
1.18
1.07
0.94
0.79
0.62
0.43
0.24
0.10
0.18
0.37
1.00
1.00
1.33
1.48
1.56
1.60
1.62
1.61
1.59
1.56
1.51
1.46
1.39
1.31
1.23
1.14
1.04
0.93
0.82
0.76
0.78
0.82
0.83
0.84
0.83
0.82
0.81
0.85
0.99
1.11
1.21
1.29
1.34
1.37
1.37
1.35
1.31
1.24
1.15
1.05
0.93
0.78
0.62
0.45
0.27
0.12
0.17
0.38
0.58
0.77
0.94
1.09
1.21
1.30
1.37
1.41
1.43
1.41
1.37
1.31
1.23
1.13
1.01
0.89
0.80
0.80
0.82
0.84
0.85
0.84
0.83
0.82
0.83
0.93
1.06
1.17
1.25
1.32
1.37
1.39
1.39
1.36
1.31
1.23
1.14
1.02
0.88
0.71
0.54
0.36
0.18
0.12
0.29
0.49
0.67
0.85
1.00
1.14
1.24
1.33
1.39
1.41
1.41
1.39
1.34
1.27
1.19
1.08
0.96
0.84
0.81
0.82
0.85
0.85
0.85
0.85
0.83
0.82
0.86
0.98
1.10
1.20
1.29
1.35
1.38
1.39
1.38
1.34
1.28
1.19
1.08
0.95
0.79
0.62
0.44
0.26
0.12
0.19
0.37
0.56
0.74
0.91
1.05
1.17
1.27
1.34
1.38
1.40
1.39
1.35
1.30
1.22
1.13
1.02
0.90
0.82
0.82
0.82
0.83
0.83
0.83
0.82
0.80
0.81
0.92
1.04
1.15
1.24
1.31
1.37
1.39
1.39
1.37
1.32
1.24
1.15
1.03
0.88
0.72
0.55
0.36
0.20
0.17
0.29
0.46
0.65
0.82
0.98
1.11
1.22
1.30
1.36
1.40
1.40
1.38
1.33
1.27
1.19
1.09
0.97
0.87
0.83
0.83
0.84
0.84
0.84
0.83
0.82
0.81
0.88
0.98
1.10
1.20
1.28
1.35
1.39
1.40
1.39
1.36
1.30
1.21
1.10
0.97
0.82
0.65
0.47
0.28
0.15
0.22
0.38
1.00
1.00
1.33
1.48
1.55
1.59
1.61
1.61
1.59
1.56
1.52
1.46
1.40
1.32
1.24
1.15
1.05
0.94
0.84
0.80
0.80
0.81
0.83
0.83
0.83
0.82
0.82
0.87
0.98
1.11
1.20
1.29
1.34
1.37
1.37
1.35
1.31
1.25
1.16
1.06
0.93
0.79
0.64
0.47
0.30
0.16
0.20
0.36
0.56
0.75
0.92
1.07
1.20
1.30
1.38
1.42
1.44
1.42
1.39
1.33
1.25
1.15
1.04
0.93
0.86
0.84
0.84
0.85
0.85
0.84
0.84
0.83
0.86
0.93
1.04
1.15
1.25
1.32
1.37
1.38
1.38
1.36
1.31
1.24
1.14
1.02
0.88
0.72
0.55
0.38
0.23
0.20
0.31
0.48
0.66
0.83
0.98
1.12
1.24
1.33
1.39
1.42
1.43
1.41
1.36
1.29
1.21
1.10
1.00
0.90
0.83
0.82
0.83
0.83
0.83
0.82
0.82
0.84
0.88
0.98
1.09
1.20
1.29
1.35
1.39
1.40
1.39
1.35
1.30
1.21
1.10
0.97
0.81
0.65
0.48
0.30
0.17
0.19
0.36
0.55
0.73
0.89
1.04
1.17
1.27
1.35
1.40
1.43
1.42
1.39
1.34
1.26
1.17
1.07
0.96
0.88
0.85
0.85
0.86
0.86
0.85
0.84
0.83
0.85
0.93
1.05
1.16
1.25
1.32
1.37
1.40
1.40
1.38
1.34
1.27
1.17
1.04
0.90
0.74
0.57
0.40
0.23
0.15
0.27
0.45
0.64
0.81
0.96
1.10
1.22
1.31
1.37
1.41
1.42
1.41
1.37
1.30
1.22
1.11
1.00
0.89
0.85
0.84
0.85
0.85
0.85
0.85
0.84
0.84
0.88
0.99
1.11
1.21
1.29
1.36
1.40
1.41
1.39
1.36
1.30
1.21
1.10
0.96
0.80
0.63
0.45
0.27
0.13
0.19
0.37

