1.00
1.00
1.29
1.39
1.44
1.42
1.37
1.30
1.24
1.21
1.19
1.16
1.14
1.13
1.13
1.14
1.16
1.19
1.23
1.23
1.25
1.28
1.27
1.20
1.08
0.91
0.70
0.46
0.66
0.90
1.10
1.26
1.34
1.37
1.36
1.35
1.33
1.32
1.31
1.29
1.28
1.27
1.28
1.30
1.33
1.36
1.37
1.39
1.42
1.42
1.36
1.25
1.09
0.91
0.70
0.82
1.02
1.20
1.33
1.40
1.42
1.43
1.42
1.41
1.40
1.40
1.39
1.37
1.37
1.37
1.39
1.41
1.44
1.44
1.47
1.49
1.50
1.45
1.35
1.22
1.05
0.86
0.95
1.13
1.27
1.39
1.46
1.48
1.48
1.48
1.48
1.47
1.46
1.46
1.45
1.44
1.44
1.45
1.47
1.49
1.50
1.52
1.54
1.55
1.50
1.42
1.30
1.14
0.98
1.05
1.20
1.33
1.43
1.50
1.53
1.53
1.53
1.52
1.52
1.51
1.51
1.50
1.48
1.49
1.49
1.51
1.53
1.54
1.56
1.58
1.59
1.54
1.47
1.37
1.23
1.08
1.13
1.27
1.38
1.47
1.54
1.56
1.57
1.56
1.55
1.55
1.52
1.49
1.46
1.44
1.43
1.44
1.45
1.47
1.48
1.49
1.52
1.53
1.49
1.42
1.33
1.20
1.05
1.09
1.22
1.32
1.41
1.47
1.49
1.47
1.44
1.42
1.41
1.39
1.37
1.34
1.32
1.32
1.33
1.34
1.36
1.38
1.39
1.41
1.42
1.38
1.33
1.24
1.12
0.99
1.01
1.14
1.25
1.33
1.39
1.40
1.40
1.37
1.35
1.34
1.33
1.30
1.28
1.25
1.25
1.25
1.27
1.29
1.30
1.32
1.34
1.35
1.32
1.28
1.19
1.08
0.95
0.96
1.09
1.19
1.27
1.33
1.35
1.34
1.32
1.30
1.29
1.28
1.25
1.23
1.00
1.00
1.30
1.41
1.45
1.41
1.32
1.20
1.06
0.96
0.96
1.01
1.04
1.06
1.04
1.00
0.96
0.92
0.93
1.06
1.18
1.25
1.23
1.12
0.92
0.68
0.37
0.10
0.44
0.78
1.05
1.25
1.34
1.32
1.24
1.10
1.00
0.99
1.03
1.06
1.08
1.07
1.03
0.98
0.94
0.96
1.08
1.21
1.27
1.26
1.14
0.94
0.68
0.36
0.14
0.45
0.79
1.05
1.25
1.34
1.32
1.24
1.11
1.01
1.00
1.03
1.06
1.08
1.07
1.03
0.97
0.94
0.97
1.07
1.20
1.27
1.25
1.14
0.94
0.68
0.37
0.17
0.44
0.78
1.04
1.24
1.33
1.33
1.25
1.12
1.02
1.01
1.02
1.05
1.07
1.07
1.04
0.98
0.95
0.97
1.06
1.19
1.26
1.25
1.14
0.95
0.69
0.39
0.18
0.41
0.76
1.03
1.23
1.33
1.34
1.26
1.13
1.02
1.01
1.02
1.05
1.08
1.07
1.04
0.98
0.94
0.97
1.06
1.18
1.27
1.25
1.16
0.97
0.72
0.41
0.18
0.39
0.74
1.02
1.22
1.33
1.35
1.28
1.15
1.03
1.01
1.02
1.05
1.08
1.07
1.05
0.98
0.94
0.95
1.04
1.16
1.26
1.25
1.17
0.98
0.74
0.44
0.20
0.38
0.72
1.01
1.22
1.34
1.37
1.30
1.17
1.05
1.02
1.02
1.04
1.08
1.08
1.04
0.98
0.94
0.95
1.03
1.15
1.25
1.25
1.17
0.99
0.74
0.46
0.21
0.36
0.71
1.01
1.22
1.35
1.38
1.31
1.18
1.06
1.01
1.02
1.04
1.08
1.09
1.06
0.99
0.95
0.95
1.02
1.14
1.24
1.24
1.18
1.00
0.75
0.48
0.24
0.34
0.69
0.99
1.21
1.35
1.38
1.33
1.20
1.07
1.01
1.01
1.03
1.08
1.00
1.00
1.30
1.41
1.42
1.36
1.27
1.17
1.05
0.97
1.00
1.09
1.14
1.16
1.15
1.12
1.07
0.98
0.96
1.04
1.12
1.16
1.16
1.10
0.93
0.69
0.38
0.16
0.45
0.77
1.03
1.19
1.24
1.21
1.15
1.04
0.96
1.01
1.09
1.15
1.18
1.17
1.13
1.08
1.00
0.99
1.07
1.16
1.20
1.20
1.14
0.95
0.69
0.37
0.17
0.45
0.77
1.01
1.18
1.23
1.20
1.14
1.04
0.96
1.01
1.09
1.15
1.19
1.19
1.14
1.08
1.01
1.00
1.08
1.16
1.20
1.21
1.15
0.97
0.72
0.39
0.20
0.45
0.76
1.01
1.17
1.23
1.20
1.14
1.04
0.96
1.02
1.09
1.15
1.19
1.19
1.15
1.09
1.02
1.00
1.07
1.16
1.20
1.21
1.17
0.98
0.73
0.41
0.21
0.43
0.74
1.00
1.17
1.24
1.21
1.15
1.05
0.98
1.01
1.08
1.15
1.19
1.19
1.15
1.09
1.03
1.00
1.06
1.15
1.20
1.21
1.17
0.99
0.74
0.43
0.21
0.40
0.71
0.97
1.14
1.22
1.20
1.15
1.05
0.97
1.00
1.08
1.14
1.18
1.18
1.15
1.08
1.02
0.99
1.06
1.15
1.20
1.21
1.17
1.00
0.78
0.46
0.23
0.37
0.69
0.96
1.14
1.22
1.21
1.16
1.06
0.98
1.01
1.08
1.15
1.18
1.19
1.15
1.09
1.03
1.01
1.07
1.15
1.21
1.22
1.18
1.02
0.80
0.49
0.25
0.35
0.65
0.92
1.11
1.20
1.20
1.16
1.06
0.99
1.01
1.08
1.15
1.19
1.19
1.15
1.10
1.04
1.02
1.07
1.16
1.21
1.23
1.18
1.05
0.83
0.54
0.29
0.35
0.64
0.91
1.11
1.20
1.21
1.16
1.07
0.99
1.00
1.08
1.15
1.19
