1.00
1.00
1.00
1.09
1.09
0.91
0.81
1.05
1.14
1.09
1.09
1.09
0.82
1.14
1.05
1.05
1.05
1.14
1.05
1.05
0.95
1.09
0.86
1.14
1.14
1.14
1.05
1.05
0.91
0.91
1.05
1.27
1.23
1.22
1.35
1.09
1.13
1.26
1.39
1.26
1.46
1.42
1.33
1.21
1.50
1.44
1.48
1.60
1.56
1.54
1.54
1.50
1.56
1.63
1.67
1.64
1.68
1.71
1.66
1.66
1.79
1.87
1.80
2.00
1.90
2.03
2.00
2.28
2.24
2.29
2.38
2.37
2.25
2.36
2.46
2.55
2.56
2.74
2.83
2.76
2.95
2.98
3.09
3.22
3.38
3.50
3.58
3.63
3.79
3.76
3.79
3.81
3.70
3.63
3.52
3.40
3.40
3.41
3.43
3.40
3.38
3.37
3.29
3.34
3.35
3.33
3.31
3.29
3.26
3.28
3.24
3.24
3.23
3.21
3.20
3.16
3.15
3.13
3.14
3.12
3.11
3.10
3.09
3.04
1.00
1.30
1.45
1.55
1.62
1.67
1.70
1.71
1.72
1.72
1.73
1.72
1.71
1.70
1.69
1.67
1.66
1.64
1.61
1.59
1.57
1.55
1.52
1.50
1.48
1.46
1.45
1.42
1.41
1.39
1.37
1.36
1.34
1.32
1.30
1.28
1.26
1.25
1.23
1.21
1.19
1.17
1.15
1.14
1.12
1.10
1.09
1.07
1.06
1.04
1.03
1.02
1.00
0.99
0.98
0.98
1.00
1.01
1.03
1.05
1.08
1.11
1.14
1.17
1.21
1.25
1.28
1.32
1.34
1.36
1.38
1.39
1.39
1.39
1.38
1.37
1.35
1.33
1.32
1.29
1.27
1.25
1.23
1.21
1.18
1.16
1.14
1.12
1.10
1.08
1.06
1.03
1.00
0.98
0.94
0.91
0.87
0.82
0.78
0.73
0.68
0.62
0.56
0.50
0.43
0.37
0.30
0.22
0.15
0.08
0.06
0.12
0.20
0.28
0.36
0.44
0.51
0.59
0.66
0.73
0.79
0.85
0.91
0.96
1.00
1.32
1.49
1.58
1.64
1.69
1.71
1.73
1.74
1.74
1.74
1.73
1.73
1.71
1.70
1.69
1.67
1.66
1.64
1.62
1.60
1.58
1.56
1.54
1.51
1.49
1.46
1.44
1.42
1.40
1.38
1.36
1.34
1.33
1.31
1.29
1.27
1.26
1.24
1.22
1.20
1.18
1.15
1.13
1.11
1.08
1.05
1.03
1.02
1.00
0.99
0.98
0.98
0.98
0.99
1.00
1.03
1.06
1.09
1.13
1.16
1.18
1.20
1.22
1.23
1.24
1.25
1.25
1.25
1.25
1.25
1.25
1.24
1.24
1.23
1.23
1.22
1.22
1.21
1.20
1.19
1.18
1.17
1.16
1.15
1.14
1.13
1.11
1.09
1.07
1.05
1.03
1.00
0.96
0.93
0.89
0.86
0.81
0.77
0.72
0.66
0.61
0.55
0.48
0.42
0.35
0.28
0.21
0.13
0.06
0.06
0.13
0.21
0.29
0.37
0.45
0.53
0.60
0.67
0.74
0.81
0.87
0.92
0.97
1.00
1.31
1.48
1.59
1.65
1.69
1.72
1.73
1.74
1.75
1.74
1.74
1.73
1.72
1.71
1.69
1.67
1.65
1.64
1.61
1.59
1.58
1.55
1.53
1.51
1.49
1.47
1.45
1.43
1.41
1.39
1.38
1.36
1.34
1.32
1.29
1.27
1.24
1.21
1.18
1.15
1.12
1.10
1.08
1.07
1.05
1.04
1.03
1.03
1.02
1.03
1.03
1.03
1.03
1.03
1.04
1.04
1.05
1.06
1.06
1.07
1.08
1.08
1.09
1.10
1.11
1.11
1.12
1.13
1.14
1.14
1.15
1.15
1.16
1.16
1.16
1.16
1.17
1.17
1.17
1.17
1.17
1.17
1.16
1.16
1.15
1.14
1.13
1.11
1.10
1.08
1.05
1.02
0.99
0.96
0.92
0.88
0.84
0.79
0.74
0.68
0.62
0.56
0.50
0.43
0.36
0.28
0.20
0.13
0.05
0.06
0.13
0.21
0.29
0.38
0.46
0.54
0.62
0.69
0.76
0.83
0.89
0.95
1.00
1.00
1.32
1.49
1.58
1.64
1.69
1.72
1.73
1.74
1.74
1.74
1.74
1.74
1.73
1.72
1.71
1.70
1.69
1.67
1.66
1.64
1.63
1.61
1.59
1.57
1.54
1.51
1.48
1.45
1.41
1.37
1.33
1.29
1.25
1.22
1.19
1.17
1.15
1.13
1.11
1.10
1.09
1.09
1.08
1.07
1.05
1.04
1.02
1.00
0.99
0.97
0.96
0.96
0.95
0.94
0.94
0.93
0.93
0.93
0.93
0.94
0.95
0.97
0.98
1.00
1.01
1.03
1.04
1.06
1.08
1.10
1.11
1.13
1.14
1.15
1.17
1.18
1.19
1.20
1.21
1.22
1.23
1.23
1.23
1.23
1.22
1.21
1.20
1.18
1.17
1.14
1.11
1.08
1.05
1.01
0.97
0.92
0.88
0.82
0.77
0.71
0.65
0.58
0.51
0.44
0.37
0.29
0.21
0.13
0.06
0.05
0.13
0.21
0.29
0.38
0.46
0.54
0.62
0.69
0.76
0.83
0.90
0.96
1.01
1.00
1.32
1.49
1.59
1.65
1.70
1.73
1.75
1.76
1.78
1.78
1.78
1.78
1.77
1.76
1.74
1.73
1.70
1.68
1.65
1.61
1.58
1.55
1.51
1.48
1.44
1.40
1.37
1.33
1.30
1.26
1.23
1.20
1.17
1.14
1.11
1.10
1.08
1.07
1.06
1.04
1.03
1.01
1.00
0.98
0.96
0.94
0.92
0.91
0.89
0.89
0.88
0.88
0.88
0.88
0.88
0.87
0.87
0.87
0.87
0.88
0.90
0.92
0.95
0.97
1.00
1.02
1.05
1.07
1.09
1.11
1.13
1.16
1.18
1.21
1.23
1.25
1.27
1.29
1.30
1.30
1.31
1.31
1.30
1.30
1.29
1.27
1.25
1.23
1.21
1.18
1.15
1.11
1.08
1.03
0.99
0.94
0.89
0.83
0.78
0.72
0.65
0.59
0.52
0.45
0.37
0.30
0.22
0.14
0.06
0.05
0.13
0.22
0.30
0.39
0.48
0.57
0.66
0.74
0.82
0.90
0.97
1.04
1.11
1.00
1.33
1.48
1.57
1.63
1.67
1.69
1.70
1.71
1.71
1.70
1.70
1.69
1.68
1.67
1.66
1.64
1.63
1.61
1.59
1.57
1.55
1.54
1.52
1.49
1.47
1.45
1.42
1.40
1.37
1.34
1.31
1.29
1.25
1.22
1.19
1.15
1.11
1.09
1.07
1.06
1.04
1.03
1.01
1.00
0.98
0.97
0.95
0.94
0.94
0.94
0.94
0.93
0.93
0.92
0.91
0.90
0.89
0.88
0.86
0.85
0.86
0.88
0.90
0.92
0.94
0.96
0.99
1.01
1.02
1.04
1.06
1.09
1.12
1.15
1.18
1.20
1.22
1.24
1.25
1.26
1.26
1.27
1.26
1.26
1.25
1.24
1.23
1.21
1.19
1.17
1.14
1.11
1.08
1.04
1.00
0.96
0.91
0.86
0.80
0.75
0.68
0.62
0.55
0.48
0.40
0.32
0.24
0.15
0.06
0.05
0.14
0.24
0.33
0.42
0.51
0.59
0.67
0.75
0.82
0.89
0.95
1.01
1.07
1.00
1.32
1.47
1.57
1.64
1.68
1.70
1.72
1.73
1.73
1.74
1.74
1.74
1.74
1.73
1.72
1.71
1.69
1.68
1.66
1.65
1.63
1.61
1.58
1.55
1.53
1.50
1.47
1.44
1.41
1.38
1.34
1.31
1.28
1.24
1.20
1.17
1.13
1.11
1.09
1.07
1.06
1.05
1.04
1.03
1.02
1.00
0.99
0.98
0.98
0.97
0.96
0.96
0.95
0.94
0.93
0.91
0.90
0.89
0.88
0.86
0.85
0.84
0.84
0.85
0.86
0.86
0.87
0.88
0.89
0.90
0.92
0.95
0.99
1.03
1.07
1.11
1.14
1.17
1.19
1.21
1.23
1.25
1.26
1.27
1.27
1.27
1.26
1.25
1.24
1.22
1.20
1.18
1.15
1.11
1.07
1.02
0.96
0.90
0.84
0.77
0.70
0.63
0.56
0.48
0.40
0.32
0.24
0.15
0.07
0.05
0.12
0.21
0.30
0.39
0.47
0.55
0.63
0.71
0.78
0.85
0.92
0.98
1.04
1.00
1.32
1.49
1.59
1.66
1.70
1.72
1.74
1.75
1.76
1.75
1.75
1.74
1.73
1.71
1.69
1.67
1.65
1.63
1.61
1.58
1.56
1.54
1.51
1.49
1.46
1.44
1.41
1.39
1.36
1.33
1.30
1.27
1.24
1.20
1.17
1.14
1.11
1.08
1.05
1.03
1.01
0.99
0.97
0.96
0.95
0.94
0.93
0.93
0.93
0.93
0.92
0.92
0.92
0.92
0.91
0.91
0.91
0.91
0.91
0.91
0.91
0.90
0.89
0.90
0.90
0.90
0.91
0.91
0.91
0.92
0.93
0.96
0.99
1.02
1.06
1.10
1.14
1.18
1.21
1.24
1.27
1.28

