1.00
1.00
1.06
0.91
1.11
1.06
1.02
1.00
1.04
1.06
1.00
0.94
0.98
0.96
0.87
1.04
1.00
1.09
0.91
1.00
0.85
1.02
0.87
1.04
0.96
1.04
0.96
1.04
1.00
1.04
1.09
1.00
1.04
1.11
0.98
0.83
1.02
1.11
1.09
0.93
1.09
0.93
1.07
1.00
1.15
1.06
1.11
1.02
1.04
1.00
1.00
1.00
1.09
1.04
0.96
1.04
1.00
1.09
1.02
1.13
1.00
1.11
1.09
1.15
1.15
1.21
1.15
1.10
0.96
1.17
1.00
1.04
1.04
0.92
1.10
0.96
1.15
1.06
1.25
1.08
1.25
1.17
1.12
1.00
1.21
1.18
1.16
1.06
1.16
1.18
1.24
1.29
1.20
1.20
1.16
1.18
1.14
1.14
0.94
1.14
1.14
1.22
1.04
1.08
1.18
1.26
1.24
1.26
1.32
1.18
1.18
1.22
1.16
1.20
1.29
1.29
1.29
1.02
1.18
1.18
1.31
1.19
1.15
1.21
1.29
1.10
1.31
1.33
1.25
1.25
1.29
1.25
1.28
1.32
1.25
1.28
1.25
1.32
1.09
1.28
1.13
1.25
1.13
1.26
1.13
1.13
1.09
1.09
0.94
1.06
0.94
1.06
1.17
0.98
1.02
1.09
1.11
1.04
1.20
1.07
1.07
0.81
1.13
1.15
1.19
1.20
1.13
1.06
1.04
1.19
1.07
1.11
1.15
0.96
0.91
1.00
1.06
1.06
1.07
1.19
1.00
1.19
1.07
1.16
1.09
1.15
0.95
1.11
1.09
1.11
1.16
1.16
1.02
0.98
1.02
1.16
1.13
1.02
1.05
1.13
1.16
0.98
1.07
1.00
1.16
0.87
0.93
1.02
1.16
1.20
1.18
1.18
1.04
1.07
1.13
1.16
1.05
0.91
1.02
1.02
1.02
1.02
0.95
1.11
1.00
1.10
1.00
1.10
1.10
1.00
1.00
0.90
1.14
1.00
0.95
0.95
1.05
1.10
0.95
1.00
1.24
1.05
1.19
1.14
1.00
1.14
1.23
1.27
1.32
1.27
1.35
1.26
1.22
1.43
1.42
1.37
1.42
1.48
1.56
1.44
1.54
1.77
1.63
1.78
1.79
1.79
1.79
1.66
1.83
1.97
1.87
1.97
2.13
2.15
2.12
2.14
2.22
2.22
2.19
2.37
2.33
2.38
2.41
2.43
2.44
2.41
2.42
2.48
2.45
2.46
2.49
2.48
2.47
2.42
2.41
2.38
2.32
2.35
2.31
2.31
2.30
2.30
2.27
2.30
2.33
2.46
2.55
2.75
3.01
3.23
3.49
3.82
4.14
4.50
4.79
5.23
5.66
6.00
6.37
6.74
7.13
7.40
7.62
7.78
7.82
7.80
7.75
7.65
7.51
7.32
7.12
6.88
6.60
6.32
6.04
5.83
5.65
5.52
5.42
5.35
5.27
5.21
5.15
5.09
5.05
4.99
4.94
4.88
4.82
4.76
4.70
4.65
4.58
4.53
4.47
4.40
4.35
4.29
4.23
4.18
4.12
4.06
4.01
3.96
3.91
3.86
3.81
3.76
3.72
3.67
3.62
3.58
3.54
3.50
3.46
3.42
3.38
3.34
3.30
3.26
3.23
3.19
3.15
3.12
3.09
3.06
3.03
3.00
2.97
2.94
2.91
2.89
2.86
2.84
2.81
2.79
2.77
2.74
2.72
2.70
2.68
2.66
2.64
2.63
2.61
2.59
2.58
2.56
2.55
2.53
2.52
2.50
2.49
2.48
2.47
2.46
2.44
2.43
2.41
2.39
2.36
2.33
2.30
2.26
2.22
2.17
2.11
2.05
2.01
1.99
1.99
2.01
2.05
2.11
2.18
2.24
2.30
2.35
2.39
2.42
2.44
2.45
2.45
2.45
2.43
2.41
2.38
2.35
1.00
1.33
1.49
1.59
1.66
1.70
1.72
1.74
1.75
1.75
1.75
1.74
1.72
1.71
1.69
1.67
1.65
1.63
1.60
1.58
1.55
1.53
1.50
1.48
1.45
1.43
1.41
1.39
1.36
1.34
1.32
1.30
1.28
1.26
1.24
1.23
1.21
1.20
1.18
1.17
1.16
1.14
1.13
1.12
1.11
1.10
1.09
1.07
1.06
1.06
1.05
1.04
1.04
1.03
1.03
1.03
1.03
1.03
1.04
1.04
1.05
1.05
1.06
1.06
1.07
1.07
1.07
1.07
1.07
1.06
1.06
1.05
1.05
1.04
1.04
1.04
1.04
1.04
1.05
1.06
1.08
1.10
1.11
1.13
1.14
1.14
1.14
1.13
1.12
1.10
1.08
1.05
1.02
0.98
0.94
0.90
0.86
0.81
0.77
0.72
0.67
0.62
0.56
0.50
0.44
0.37
0.30
0.23
0.15
0.07
0.04
0.12
0.21
0.30
0.39
0.47
0.56
0.64
0.72
0.80
0.87
0.93
1.00
1.05
1.09
1.14
1.17
1.20
1.23
1.25
1.27
1.28
1.29
1.29
1.29
1.29
1.29
1.29
1.28
1.28
1.27
1.26
1.25
1.24
1.23
1.22
1.21
1.20
1.19
1.18
1.17
1.16
1.16
1.15
1.14
1.13
1.12
1.11
1.10
1.09
1.08
1.07
1.07
1.06
1.06
1.06
1.06
1.06
1.06
1.06
1.07
1.07
1.08
1.08
1.09
1.09
1.09
1.09
1.09
1.09
1.09
1.08
1.08
1.07
1.07
1.07
1.07
1.07
1.08
1.09
1.10
1.12
1.15
1.17
1.18
1.19
1.19
1.19
1.19
1.17
1.16
1.14
1.11
1.07
1.03
0.99
0.94
0.90
0.85
0.80
0.75
0.69
0.64
0.58
0.51
0.45
0.37
0.30
0.22
0.14
0.05
0.06
1.00
1.09
1.12
1.27
1.37
1.43
1.46
1.52
1.54
1.60
1.62
1.64
1.68
1.70
1.72
1.75
1.74
1.77
1.79
1.79
1.79
1.80
1.80
1.82
1.81
1.81
1.81
1.81
1.80
1.80
1.80
1.80
1.79
1.77
1.77
1.76
1.76
1.76
1.75
1.74
1.75
1.74
1.74
1.72
1.71
1.70
1.68
1.67
1.65
1.64
1.62
1.61
1.58
1.57
1.55
1.52
1.50
1.48
1.47
1.44
1.43
1.41
1.39
1.36
1.34
1.33
1.30
1.28
1.25
1.23
1.21
1.18
1.16
1.13
1.11
1.08
1.06
1.03
1.01
0.97
0.95
0.92
0.90
0.87
0.83
0.81
0.77
0.75
0.73
0.71
0.68
0.65
0.63
0.60
0.58
0.57
0.56
0.54
0.52
0.50
0.50
0.49
0.48
0.47
0.47
0.46
0.46
0.46
0.47
0.48
0.50
0.51
0.51
0.55
0.57
0.58
0.61
0.63
0.65
0.67
0.69
0.72
0.75
0.78
0.81
0.85
0.88
0.91
0.95
0.97
1.00
1.02
1.05
1.07
1.10
1.12
1.14
1.17
1.20
1.22
1.24
1.25
1.28
1.28
1.30
1.32
1.34
1.36
1.38
1.39
1.40
1.40
1.40
1.40
1.40
1.39
1.39
1.39
1.38
1.37
1.37
1.36
1.36
1.35
1.35
1.33
1.32
1.30
1.28
1.27
1.26
1.25
1.23
1.21
1.19
1.18
1.16
1.14
1.12
1.10
1.08
1.05
1.03
1.01
0.99
0.97
0.95
0.93
0.91
0.87
0.84
0.82
0.79
0.77
0.74
0.71
0.68
0.65
0.63
0.61
0.59
0.56
0.53
0.50
0.47
0.43
0.41
0.38
0.36
0.33
0.31
0.33
0.34
0.34
0.34
0.36
0.37
0.38
0.41
0.43
0.46
0.48
0.50
0.52
1.00
1.02
1.00
1.02
1.12
1.12
1.13
1.02
1.20
1.20
1.23
1.16
1.20
1.25
1.18
1.13
1.15
1.16
1.19
1.10
1.14
1.14
1.15
1.11
1.09
1.14
1.20
1.18
1.18
1.12
1.12
1.00
1.09
1.13
1.07
1.01
1.04
1.03
0.97
0.88
1.00
0.97
0.93
0.90
0.96
0.96
0.96
0.87
0.99
0.99
0.99
0.93
1.01
1.07
0.84
0.94
0.92
1.08
1.08
0.95
1.05
1.05
0.89
1.03
0.92
1.06
1.03
1.03
1.08
1.12
1.06
1.07
1.00
1.07
1.03
1.07
1.04
1.03
1.01
0.97
1.00
1.09
1.07
1.04
1.13
1.00
1.03
1.01
1.15
1.10
1.04
1.13
1.12
1.04
0.99
1.13
0.99
1.04
0.87
0.97
0.93
0.93
0.81
0.87
0.90
0.85
0.82
0.84
0.84
0.85
0.80
0.86
0.80
1.05
1.03
0.97
1.00
0.88
0.94
0.91
1.02
1.03
1.03
0.95
1.06
0.86
0.95
0.98
1.06
0.94
0.97
1.00
1.05
1.08
1.03
1.03
1.08
1.05
1.05
1.11
1.03
1.06
0.91
1.12
1.09
1.12
1.09
1.12
1.06
1.03
0.97
1.12
1.06
1.03
1.00
1.00
0.92
1.03
0.94
1.06
1.00
0.94
0.94
0.88
0.95
0.95
0.94
1.03
1.06
1.00
1.03
1.09
1.06
1.00
1.08
1.11
1.20
1.23
1.15
1.12
0.96
1.06
0.99
1.09
1.07
1.09
1.03
1.04
1.03
1.13
1.18
1.12
1.04
1.10
1.06
1.13
1.12
1.06
1.04
1.16
1.15
1.21
1.16
1.15
1.16
0.99
1.10
1.09
1.12
1.09
1.12
1.03
1.09
1.03
1.03
1.00
0.94
0.88
0.81
0.99
0.87
0.93
0.96
1.04
1.00
1.06
1.18
1.12
1.25
1.20
1.22
1.23
1.26
1.19
1.17
1.23
1.22
1.14
1.09
1.06
1.12
1.16
1.09
1.20
1.25
1.24
1.28
1.32
1.32
1.34
1.37
1.38
1.34
1.31
1.22
1.24
1.24
1.22
1.18
1.18
1.18
1.14
1.09
1.22
1.20
1.23
1.24
1.22
1.13
1.15
1.15
1.13
1.06
1.04
1.00
0.97
0.98
1.01
0.93
0.91
0.89
0.88
0.90
0.92
0.88
0.95
0.88
0.91
0.83
0.88
0.75
0.74
0.72
0.71
0.65
0.66
0.70
0.79
0.84
0.89
0.95
0.97
1.07
1.07
1.10
1.02
1.08
1.10
1.19
1.17
1.15
1.17
1.21
1.20
1.22
1.16
1.26
1.26
1.30
1.34
1.36
1.35
1.28
1.32
1.28
1.26
1.21
1.23
1.22
1.22
1.15
1.17
1.18
1.19
1.16
1.13
1.13
1.14
1.11
1.06
1.10
0.99
1.04
0.99
1.00
0.88
0.93
0.84
0.93
0.79
0.85
0.79
0.88
0.87
0.88
0.86
0.91
0.88
0.85
0.94
0.83
0.85
0.79
0.88
0.71
0.71
0.54
0.69
0.74
0.84
0.85
0.91
0.93
0.97
0.96
0.99
0.99
0.96
1.02
0.96
0.95
0.97
0.99
0.94
1.02
0.98
0.99
0.99
1.04
1.02
1.03
1.04
1.08
1.00
1.06
1.09
0.99
0.95
0.98
0.95
0.90
0.97
0.97
1.02
1.02
1.02
1.00
0.98
0.90
0.98
0.91
0.96
0.89
0.89
0.82
0.90
0.80
0.77
0.74
0.79
0.82
0.78
0.73
0.78
0.74
0.80
0.87
0.84
0.85
0.85
0.85
0.72
0.79
0.71
0.66
0.71
0.76
0.69
0.72
0.74
0.86
0.84
0.94
0.92
0.86
0.94
0.90
0.91
