1.00
0.96
1.05
0.96
1.09
1.10
1.08
1.07
1.00
1.02
1.00
1.02
0.92
0.91
0.97
0.97
0.95
0.95
0.74
1.02
0.98
1.05
0.84
1.07
0.96
1.05
0.95
0.96
0.96
0.93
0.96
0.88
0.93
1.05
1.02
0.98
1.04
1.05
1.21
1.18
1.26
1.05
1.25
1.21
1.14
1.02
1.24
1.07
1.14
1.07
1.07
1.12
1.14
1.15
1.00
1.17
1.27
1.20
1.10
1.17
1.08
1.15
1.15
1.15
1.12
1.22
1.10
1.08
1.02
1.08
1.08
1.07
0.98
1.05
1.02
1.07
1.11
1.00
1.15
1.10
1.15
1.07
1.16
1.15
1.23
1.18
1.24
1.24
1.31
1.32
1.24
1.35
1.38
1.42
1.45
1.52
1.45
1.52
1.62
1.55
1.59
1.70
1.69
1.73
1.72
1.75
1.75
1.90
1.89
1.91
1.94
2.07
2.11
2.16
2.22
2.29
2.34
2.31
2.41
2.44
2.53
2.53
2.53
2.52
2.55
2.52
2.55
2.56
2.58
2.53
2.53
2.49
2.50
2.49
2.52
2.46
2.41
2.40
2.40
2.41
2.40
2.46
2.51
2.75
2.90
3.18
3.52
3.81
4.11
4.43
4.69
5.02
5.27
5.58
5.80
6.04
6.21
6.42
6.56
6.73
6.87
6.94
7.07
7.09
7.14
7.09
7.08
6.97
6.86
6.74
6.56
6.36
6.20
6.06
5.96
5.91
5.89
5.86
5.88
5.85
5.88
5.89
5.88
5.89
5.89
5.88
5.84
5.83
5.80
5.77
5.72
5.71
5.66
5.61
5.58
5.53
5.47
5.42
5.37
5.32
5.27
5.21
5.16
5.11
5.05
5.00
4.96
4.91
4.85
4.79
4.75
4.68
4.63
4.59
4.54
4.49
4.45
4.39
4.34
4.29
4.25
4.20
4.16
4.11
4.07
4.02
3.98
3.93
3.88
1.00
1.33
1.49
1.59
1.65
1.69
1.71
1.73
1.74
1.74
1.74
1.73
1.73
1.71
1.70
1.69
1.67
1.66
1.64
1.62
1.60
1.58
1.56
1.54
1.53
1.51
1.48
1.46
1.43
1.40
1.38
1.35
1.32
1.29
1.26
1.23
1.20
1.17
1.14
1.11
1.08
1.05
1.03
1.00
0.98
0.95
0.93
0.91
0.90
0.88
0.87
0.86
0.85
0.85
0.85
0.86
0.86
0.86
0.87
0.88
0.89
0.90
0.91
0.92
0.93
0.95
0.96
0.98
1.00
1.03
1.05
1.08
1.11
1.14
1.17
1.20
1.22
1.25
1.27
1.29
1.30
1.31
1.32
1.33
1.33
1.32
1.31
1.30
1.28
1.26
1.24
1.21
1.18
1.14
1.10
1.06
1.01
0.96
0.91
0.85
0.79
0.72
0.65
0.58
0.50
0.43
0.34
0.26
0.18
0.09
0.03
0.09
0.18
0.27
0.36
0.44
0.53
0.61
0.69
0.76
0.84
0.90
0.97
1.02
1.07
1.12
1.16
1.20
1.24
1.26
1.29
1.31
1.33
1.35
1.36
1.37
1.38
1.38
1.38
1.37
1.36
1.35
1.33
1.31
1.29
1.27
1.24
1.22
1.19
1.17
1.14
1.11
1.09
1.06
1.03
1.01
0.98
0.96
0.94
0.92
0.90
0.89
0.88
0.87
0.86
0.86
0.86
0.87
0.87
0.87
0.88
0.89
0.90
0.91
0.92
0.93
0.94
0.96
0.98
1.00
1.03
1.05
1.08
1.11
1.14
1.17
1.20
1.23
1.26
1.29
1.31
1.32
1.34
1.35
1.35
1.36
1.35
1.35
1.34
1.32
1.30
1.28
1.25
1.22
1.18
1.14
1.10
1.05
0.99
0.93
0.87
0.81
0.74
0.67
0.59
0.51
0.43
0.35
0.26
0.18
0.09
0.04
0.10
1.00
1.33
1.49
1.59
1.65
1.69
1.72
1.74
1.75
1.76
1.76
1.75
1.75
1.74
1.73
1.71
1.70
1.68
1.66
1.64
1.62
1.60
1.58
1.55
1.53
1.50
1.48
1.45
1.43
1.40
1.37
1.34
1.31
1.28
1.24
1.21
1.18
1.14
1.11
1.08
1.05
1.02
0.99
0.97
0.96
0.95
0.95
0.95
0.95
0.95
0.95
0.95
0.96
0.96
0.96
0.95
0.94
0.93
0.92
0.90
0.89
0.88
0.87
0.87
0.87
0.88
0.89
0.91
0.94
0.97
1.01
1.04
1.07
1.10
1.12
1.15
1.17
1.19
1.20
1.21
1.22
1.23
1.23
1.23
1.23
1.23
1.22
1.21
1.20
1.18
1.16
1.14
1.11
1.08
1.05
1.01
0.96
0.92
0.87
0.82
0.76
0.70
0.63
0.57
0.49
0.42
0.34
0.26
0.18
0.09
0.02
0.09
0.17
0.26
0.35
0.44
0.53
0.61
0.69
0.77
0.85
0.92
0.98
1.04
1.10
1.15
1.20
1.24
1.28
1.31
1.33
1.36
1.37
1.39
1.40
1.40
1.40
1.40
1.40
1.39
1.38
1.36
1.35
1.32
1.30
1.27
1.24
1.22
1.18
1.15
1.12
1.09
1.06
1.03
1.01
1.00
0.99
0.98
0.98
0.98
0.98
0.98
0.98
0.98
0.98
0.98
0.98
0.97
0.95
0.94
0.92
0.90
0.89
0.88
0.88
0.88
0.88
0.90
0.92
0.95
0.99
1.02
1.05
1.08
1.11
1.14
1.16
1.19
1.21
1.23
1.24
1.25
1.26
1.27
1.27
1.27
1.27
1.26
1.25
1.24
1.22
1.20
1.18
1.15
1.12
1.08
1.04
1.00
0.95
0.90
0.84
0.78
0.72
0.65
0.58
0.50
0.42
0.34
0.26
0.17
0.09
0.03
0.09
0.18
0.26
0.35
0.43
0.52
0.60
1.00
1.33
1.49
1.59
1.65
1.69
1.71
1.73
1.74
1.74
1.74
1.74
1.73
1.72
1.71
1.69
1.68
1.66
1.64
1.62
1.60
1.58
1.56
1.53
1.51
1.48
1.46
1.43
1.40
1.37
1.35
1.32
1.29
1.26
1.23
1.20
1.17
1.14
1.11
1.08
1.06
1.04
1.02
1.00
0.99
0.99
0.98
0.99
1.00
1.01
1.01
1.01
1.01
1.00
0.99
0.98
0.96
0.95
0.93
0.90
0.88
0.85
0.83
0.81
0.82
0.83
0.85
0.88
0.91
0.94
0.97
1.01
1.05
1.08
1.12
1.15
1.18
1.21
1.23
1.25
1.27
1.28
1.29
1.29
1.29
1.29
1.28
1.27
1.26
1.24
1.22
1.19
1.16
1.13
1.09
1.05
1.00
0.95
0.89
0.83
0.77
0.71
0.64
0.57
0.50
0.42
0.34
0.26
0.17
0.09
0.03
0.09
0.18
0.27
0.36
0.45
0.54
0.62
0.70
0.78
0.85
0.92
0.98
1.04
1.09
1.14
1.19
1.22
1.26
1.29
1.31
1.33
1.35
1.36
1.36
1.37
1.37
1.36
1.36
1.35
1.34
1.32
1.30
1.28
1.26
1.24
1.22
1.19
1.16
1.14
1.11
1.09
1.07
1.05
1.03
1.03
1.02
1.02
1.02
1.03
1.04
1.04
1.04
1.04
1.03
1.02
1.01
0.99
0.97
0.95
0.92
0.90
0.87
0.84
0.82
0.82
0.83
0.86
0.88
0.91
0.94
0.98
1.01
1.05
1.09
1.13
1.16
1.19
1.22
1.25
1.27
1.29
1.30
1.31
1.32
1.32
1.32
1.32
1.31
1.30
1.28
1.26
1.23
1.20
1.16
1.13
1.08
1.03
0.98
0.92
0.86
0.80
0.73
0.66
0.58
0.51
0.43
0.34
0.26
0.18
0.09
0.04
0.10
1.00
1.32
1.49
1.59
1.66
1.70
1.73
1.76
1.77
1.78
1.79
1.79
1.79
1.78
1.78
1.77
1.75
1.74
1.72
1.70
1.68
1.65
1.62
1.60
1.57
1.54
1.50
1.47
1.43
1.39
1.35
1.31
1.27
1.23
1.19
1.14
1.10
1.06
1.03
1.00
0.97
0.95
0.93
0.91
0.89
0.89
0.89
0.90
0.91
0.92
0.94
0.95
0.97
0.99
1.00
1.02
1.03
1.04
1.05
1.06
1.07
1.07
1.08
1.08
1.10
1.12
1.13
1.15
1.17
1.19
1.21
1.24
1.26
1.27
1.29
1.30
1.30
1.31
1.30
1.30
1.29
1.28
1.27
1.25
1.23
1.21
1.18
1.16
1.13
1.09
1.06
1.02
0.98
0.93
0.89
0.84
0.80
0.75
0.69
0.64
0.58
0.53
0.47
0.42
0.36
0.31
0.26
0.23
0.21
0.21
0.23
0.26
0.31
0.37
0.43
0.49
0.56
0.62
0.69
0.75
0.81
0.87
0.92
0.97
1.02
1.07
1.10
1.14
1.17
1.19
1.21
1.23
1.24
1.25
1.26
1.25
1.25
1.24
1.23
1.21
1.20
1.17
1.15
1.12
1.10
1.07
1.04
1.02
1.00
0.98
0.96
0.95
0.94
0.92
0.92
0.91
0.91
0.91
0.92
0.92
0.93
0.94
0.95
0.96
0.97
0.98
0.99
0.99
1.00
1.00
1.01
1.01
1.02
1.03
1.04
1.06
1.08
1.10
1.12
1.14
1.16
1.18
1.19
1.21
1.22
1.22
1.23
1.23
1.22
1.22
1.21
1.20
1.18
1.17
1.15
1.12
1.10
1.07
1.04
1.01
0.98
0.94
0.91
0.87
0.83
0.79
0.75
0.70
0.66
0.61
0.57
0.53
0.49
0.45
0.42
0.40
0.39
0.38
0.39
0.40
0.42
0.45
0.48
0.52
0.56
0.61
0.65
0.70
0.74

