1.00
1.05
1.05
1.02
0.98
0.93
1.11
1.06
1.13
1.04
1.01
1.06
1.14
1.14
1.13
1.15
1.16
1.24
1.18
1.02
1.07
1.18
1.19
1.26
1.06
1.08
1.14
1.25
1.14
1.04
1.04
1.03
1.01
1.15
1.08
0.91
0.91
0.89
1.02
1.02
0.91
0.92
0.99
0.85
0.98
0.88
0.96
0.93
0.90
0.95
0.93
0.96
1.03
1.07
1.07
1.10
1.06
1.09
1.07
1.12
1.03
1.08
1.04
1.12
1.09
1.18
1.16
1.09
1.00
1.13
0.99
1.13
1.02
0.94
0.97
0.98
0.94
0.97
0.86
0.83
0.87
0.82
0.83
0.84
0.82
0.86
0.91
0.80
0.91
0.88
0.77
0.86
0.92
0.85
0.87
0.82
0.84
0.90
0.84
0.92
0.86
0.90
0.90
0.90
0.90
0.94
0.87
0.96
0.93
0.90
0.84
0.90
0.99
0.95
0.87
0.83
0.79
0.78
0.83
0.82
0.77
0.73
0.77
0.75
0.85
0.76
0.70
0.74
0.72
0.78
0.79
0.71
0.78
0.74
0.79
0.83
0.77
0.80
0.86
0.74
0.71
0.74
0.74
0.77
0.79
0.81
0.79
0.79
0.81
0.99
1.00
0.90
0.83
0.89
0.99
0.97
1.02
0.99
0.98
1.05
1.07
1.06
1.08
1.07
1.00
1.07
1.03
1.13
1.15
1.02
1.06
1.13
1.01
1.05
1.13
1.19
1.13
1.10
1.01
1.24
1.28
1.28
1.34
1.35
1.41
1.43
1.58
1.69
1.73
1.72
1.82
1.88
2.08
2.25
2.30
2.56
2.73
2.82
2.99
3.15
3.34
3.34
3.48
3.53
3.57
3.54
3.62
3.50
3.49
3.48
3.39
3.30
3.31
3.21
3.13
3.12
3.04
3.03
2.98
2.91
2.94
2.88
2.82
2.81
2.76
2.77
2.79
2.75
2.78
1.00
1.59
1.91
2.11
2.23
2.31
2.36
2.39
2.40
2.40
2.39
2.37
2.34
2.31
2.28
2.24
2.19
2.15
2.11
2.06
2.01
1.96
1.91
1.85
1.80
1.75
1.69
1.64
1.58
1.53
1.48
1.43
1.39
1.34
1.30
1.26
1.22
1.18
1.14
1.10
1.06
1.02
0.98
0.95
0.91
0.88
0.85
0.82
0.79
0.77
0.75
0.73
0.71
0.70
0.69
0.69
0.68
0.68
0.68
0.68
0.69
0.70
0.71
0.73
0.75
0.77
0.80
0.84
0.87
0.91
0.95
1.00
1.04
1.08
1.13
1.17
1.21
1.24
1.28
1.32
1.35
1.38
1.40
1.42
1.43
1.44
1.44
1.43
1.42
1.39
1.35
1.31
1.26
1.20
1.13
1.06
0.98
0.89
0.80
0.71
0.62
0.52
0.43
0.34
0.26
0.18
0.12
0.07
0.03
0.01
0.00
0.01
0.04
0.08
0.14
0.22
0.30
0.40
0.51
0.61
0.72
0.84
0.94
1.05
1.15
1.24
1.32
1.40
1.46
1.52
1.56
1.60
1.62
1.64
1.65
1.65
1.64
1.63
1.61
1.58
1.55
1.52
1.49
1.46
1.42
1.38
1.35
1.31
1.27
1.23
1.19
1.15
1.11
1.07
1.03
0.99
0.95
0.91
0.88
0.85
0.82
0.80
0.77
0.75
0.74
0.72
0.71
0.70
0.70
0.69
0.69
0.70
0.70
0.71
0.73
0.75
0.77
0.80
0.84
0.87
0.91
0.96
1.00
1.05
1.09
1.14
1.18
1.23
1.27
1.31
1.35
1.38
1.41
1.44
1.47
1.48
1.49
1.50
1.49
1.48
1.45
1.34
1.22
1.16
1.10
1.19
1.11
1.02
0.93
0.83
0.73
0.63
0.53
0.43
0.34
0.25
0.18
0.11
0.06
0.03
0.01
0.00
0.02
1.00
1.59
1.92
2.11
2.24
2.32
2.37
2.41
2.42
2.43
2.42
2.41
2.39
2.36
2.33
2.29
2.25
2.21
2.17
2.13
2.08
2.04
1.99
1.94
1.89
1.84
1.79
1.73
1.68
1.63
1.57
1.51
1.46
1.40
1.35
1.30
1.24
1.20
1.15
1.11
1.07
1.03
0.99
0.96
0.94
0.91
0.89
0.87
0.85
0.84
0.82
0.81
0.81
0.80
0.79
0.79
0.79
0.79
0.79
0.79
0.79
0.80
0.81
0.82
0.83
0.84
0.86
0.89
0.91
0.94
0.97
1.01
1.04
1.08
1.11
1.15
1.18
1.22
1.25
1.28
1.30
1.32
1.34
1.35
1.36
1.36
1.36
1.35
1.33
1.30
1.27
1.23
1.18
1.12
1.06
0.98
0.91
0.82
0.74
0.65
0.56
0.47
0.39
0.31
0.23
0.16
0.11
0.06
0.03
0.01
0.00
0.01
0.03
0.07
0.13
0.19
0.27
0.36
0.46
0.56
0.66
0.77
0.88
0.98
1.08
1.17
1.26
1.34
1.41
1.48
1.53
1.58
1.61
1.64
1.66
1.67
1.68
1.67
1.66
1.64
1.62
1.58
1.55
1.51
1.46
1.42
1.37
1.33
1.28
1.24
1.19
1.15
1.11
1.08
1.04
1.01
0.98
0.96
0.93
0.91
0.89
0.88
0.86
0.85
0.84
0.83
0.82
0.82
0.81
0.81
0.81
0.81
0.81
0.82
0.83
0.84
0.85
0.87
0.89
0.92
0.95
0.98
1.02
1.05
1.09
1.13
1.17
1.21
1.25
1.28
1.31
1.34
1.36
1.39
1.40
1.41
1.42
1.42
1.41
1.39
1.36
1.33
1.29
1.23
1.17
1.10
1.03
0.95
0.86
0.77
0.67
0.58
0.48
0.39
0.31
0.23
0.16
0.10
0.06
0.03
0.01
0.00
0.01
0.04
0.07
0.13
0.19
0.27
0.35
1.00
1.59
1.92
2.11
2.25
2.33
2.39
2.43
2.46
2.47
2.48
2.47
2.47
2.45
2.44
2.41
2.39
2.36
2.33
2.29
2.26
2.22
2.18
2.13
2.09
2.04
2.00
1.95
1.90
1.85
1.80
1.74
1.69
1.64
1.58
1.53
1.47
1.42
1.36
1.30
1.25
1.19
1.14
1.08
1.03
0.98
0.93
0.88
0.83
0.79
0.75
0.71
0.68
0.65
0.63
0.61
0.60
0.59
0.60
0.61
0.62
0.65
0.68
0.71
0.76
0.80
0.85
0.90
0.96
1.01
1.07
1.12
1.18
1.23
1.27
1.31
1.35
1.38
1.41
1.42
1.43
1.44
1.43
1.42
1.39
1.36
1.33
1.29
1.24
1.19
1.13
1.07
1.01
0.94
0.88
0.81
0.74
0.66
0.59
0.52
0.45
0.38
0.31
0.24
0.18
0.13
0.09
0.05
0.02
0.01
0.00
0.01
0.02
0.05
0.09
0.15
0.21
0.28
0.36
0.44
0.54
0.63
0.73
0.83
0.93
1.03
1.12
1.21
1.30
1.38
1.46
1.53
1.59
1.64
1.68
1.72
1.74
1.76
1.77
1.78
1.77
1.76
1.74
1.72
1.69
1.66
1.62
1.57
1.52
1.47
1.42
1.36
1.31
1.25
1.19
1.13
1.07
1.01
0.96
0.90
0.85
0.80
0.76
0.72
0.68
0.66
0.63
0.62
0.61
0.61
0.62
0.63
0.65
0.68
0.72
0.76
0.80
0.85
0.90
0.96
1.01
1.07
1.13
1.18
1.24
1.29
1.33
1.38
1.41
1.44
1.46
1.48
1.48
1.48
1.47
1.45
1.43
1.39
1.35
1.30
1.25
1.19
1.13
1.06
0.99
0.92
0.85
0.77
0.69
0.61
0.54
0.46
0.38
0.31
0.24
0.18
0.13
0.08
0.05
0.02
0.01
0.00
0.01
1.00
1.30
1.65
1.90
2.06
2.18
2.28
2.35
2.40
2.44
2.46
2.49
2.51
2.52
2.54
2.55
2.55
2.55
2.55
2.55
2.54
2.54
2.53
2.52
2.51
2.50
2.48
2.46
2.43
2.41
2.39
2.37
2.34
2.32
2.30
2.27
2.25
2.22
2.20
2.17
2.15
2.12
2.09
2.06
2.03
2.00
1.97
1.94
1.91
1.88
1.85
1.83
1.79
1.76
1.73
1.70
1.66
1.63
1.59
1.55
1.52
1.48
1.44
1.41
1.37
1.33
1.29
1.25
1.22
1.18
1.14
1.10
1.07
1.03
0.99
0.95
0.92
0.88
0.84
0.80
0.76
0.72
0.69
0.65
0.61
0.57
0.53
0.50
0.46
0.42
0.38
0.35
0.31
0.28
0.25
0.22
0.19
0.16
0.14
0.12
0.10
0.08
0.06
0.05
0.04
0.03
0.03
0.03
0.03
0.04
0.05
0.06
0.08
0.10
0.13
0.16
0.19
0.23
0.26
0.31
0.35
0.40
0.45
0.50
0.55
0.60
0.66
0.71
0.76
0.82
0.87
0.92
0.98
1.03
1.08
1.13
1.18
1.23
1.28
1.32
1.36
1.40
1.44
1.47
1.50
1.54
1.56
1.59
1.61
1.63
1.65
1.67
1.68
1.69
1.70
1.71
1.71
1.71
1.70
1.70
1.69
1.67
1.66
1.65
1.63
1.61
1.59
1.56
1.54
1.51
1.48
1.45
1.42
1.39
1.35
1.31
1.28
1.23
1.20
1.16
1.12
1.08
1.04
1.00
0.96
0.92
0.87
0.83
0.79
0.75
0.71
0.66
0.63
0.58
0.54
0.51
0.47
0.43
0.39
0.36
0.33
0.30
0.27
0.24
0.22
0.20
0.17
0.15
0.14
0.13
0.12
0.11
0.10
0.10
0.10
0.10
0.10
0.11
0.12
0.13
0.15
0.17
0.19
0.21
0.24
0.26
0.29
0.33
0.36
