0
2138
8213
17977
31148
47293
312
20696
42330
64679
21600
43723
65127
19832
38577
55667
5355
18517
29594
38640
45641
50692
54130
56164
57250
57715
57888
58176
58750
59655
61076
62879
65170
2325
5244
8275
11170
13622
15261
15698
14904
12853
9456
4891
64910
58986
52943
47167
41664
36812
32764
29942
28272
27674
28304
29946
32209
34845
37799
40581
43334
45974
48557
51072
53642
56475
59483
62693
540
3888
7167
10455
13561
16397
19061
21525
23981
26326
28873
31759
35008
38762
43244
48430
54251
60589
1827
8777
15531
21975
27650
32206
35277
36519
35645
32326
26436
17765
6187
57281
40059
20190
63564
39659
14458
54084
28021
2718
44357
22523
3387
52938
40443
31692
26756
25460
27580
32786
40617
50586
62071
9118
22197
35274
48037
60179
5798
15874
24819
32629
39241
44705
48928
52010
53976
54988
55189
54740
53819
52600
51186
49750
48397
47204
46559
46711
47622
49408
51864
54837
58004
61045
63714
136
1381
1914
1808
1199
248
64659
63651
62980
62757
63206
64285
496
3036
6052
9325
12612
15523
18185
20435
22465
24241
25852
27439
29170
31018
33052
35260
37593
40015
42460
44848
47277
49698
52146
54748
57670
60988
64831
3808
9100
15179
22139
29894
38306
47150
56196
0
1459
5367
11456
19393
28864
39571
50982
63024
9898
22380
34739
46917
58763
4456
14871
24261
32364
39225
44730
48975
51779
53447
54195
54219
53856
53351
52901
52674
52847
53417
54397
55821
57544
59447
61424
63401
65252
1320
2566
3404
3834
3835
3623
3024
2121
993
65249
63859
62459
61135
59918
58908
58130
57635
57413
57523
57981
58760
59803
61138
62672
64379
631
2488
4308
6123
7832
9510
11105
12644
14209
15832
17562
19452
21578
24029
26810
29935
33410
37186
41183
45276
49389
53314
56909
59977
62363
63786
64069
63031
60476
56235
50216
42320
32492
20751
7155
57411
40668
22797
4078
50377
31263
12692
60676
44743
30822
19330
10464
4439
1244
809
2904
7238
13537
21547
30898
41400
52815
64867
11798
24479
37225
49790
61928
7771
18579
28253
36729
43939
49764
54133
57203
59104
59987
60138
59862
59412
59005
58799
58983
59548
60494
61787
63388
65149
1401
3207
4846
6230
7268
7991
8251
8150
7563
6710
5479
4063
2447
761
64517
62783
61181
59694
58496
57561
56946
56696
56787
57255
58067
59169
60562
62140
63870
116
1916
3681
5423
7119
8772
10458
12151
13960
15917
18104
20585
23379
26540
30060
33932
38101
42429
46844
51184
55287
58991
62112
64466
0
995
3621
7834
13403
20173
27950
36440
45441
54806
64434
8575
18164
27461
36325
44921
53043
60470
1525
7395
12286
16272
19332
21554
22840
23410
23405
22965
22135
21131
20141
19076
18145
17280
16473
15729
15074
14422
13808
13130
12435
11774
11096
10323
9561
8797
7979
7193
6557
6001
5570
5287
5162
5248
5576
6129
6926
7948
9184
10632
12267
14025
15918
17961
20107
22291
24548
26831
29162
31567
33967
36437
39007
41578
44295
47031
49831
52711
55616
58488
61226
63746
426
2259
3623
4355
4447
3655
2068
65029
61398
56700
50891
43960
35974
26963
17004
6178
60109
47917
35284
22462
9621
62585
50535
39273
29019
20120
12734
6994
3032
899
577
1983
4985
9383
15077
21863
29541
37970
46752
56046
3
9612
19161
28530
37567
46378
54800
62442
3831
9870
14984
19256
22572
24949
26489
27322
27450
27118
26363
25425
24341
23215
22167
21217
20274
19432
18632
17892
17173
16380
15574
14820
14037
13167
12283
11403
10511
9689
8939
8297
7768
7402
7195
7204
7398
7836
8494
9367
10445
11712
13159
14766
16518
18393
20366
22393
24513
26684
28918
31206
33537
35953
38466
41055
43776
46562
49432
52325
55274
58200
61086
63752
651
2717
4269
5185
5423
4785
0
850
3154
6902
11980
18305
25693
33997
42949
52370
62055
6239
15888
25241
34093
42512
50323
57562
64103
4399
9600
14119
18074
21334
24110
26306
27944
29068
29641
29743
29408
28678
27555
26100
24364
22386
20178
17820
15236
12545
9733
6848
3837
729
63097
59857
56552
53248
50054
46919
43947
41190
38722
36580
34857
33533
32623
32248
32326
32844
33755
35044
36713
38721
40946
43398
45942
48628
51440
54318
57300
60371
63497
1101
4246
7430
10712
13930
17147
20318
23279
26090
28636
30794
32503
33683
34205
34026
33003
31121
28238
24396
19520
13708
6898
64672
56102
46823
36945
26668
16133
5551
60604
50440
40784
31809
23680
16560
10612
5936
2631
777
422
1539
4101
8070
13338
19753
27157
35362
44199
53417
62870
6800
16100
25098
33631
41719
49167
55997
62162
2167
7121
11620
15509
18965
21839
24141
25919
27175
27887
28165
27975
27362
26383
25055
23419
21502
19387
17073
14584
11940
9198
6353
3361
275
62654
59411
56151
52878
49670
46547
43606
40876
38430
36300
34575
33219
32282
31825
31791
32229
33003
34187
35694
37432
39466
41708
44141
46732
49487
52345
55336
58356
61486
64684
2441
5722
8982
12241
15621
18875
22028
24968
27647
29969
31848
33174
33830
33759

