0
20909
81186
174836
293462
427255
565809
699376
820117
922798
1004910
1066274
1108617
1134588
1147490
1150975
1148134
1140872
1130148
1116935
1101990
1085155
1064983
1041396
1014965
987691
961740
939183
920647
906779
896516
888313
880920
873469
866152
859945
856212
856161
860441
868302
877164
884559
888015
887490
885216
885177
891126
905169
926589
952581
978795
1002768
1022244
1036795
1046758
1053005
1056446
1057773
1057700
1056753
1055180
1053227
1050931
1048341
1045320
1041744
1037565
1032693
1027135
1021041
1014573
1008104
1002150
997137
993407
991148
990531
991546
994157
998248
1003614
1010129
1017722
1026370
1036197
1047453
1060472
1075554
1092935
1113111
1136893
1165219
1198769
1237917
1282617
1332154
1384647
1436640
1483136
1517844
1533902
1524801
1485290
1412401
1306267
1170657
1013053
844092
676492
523331
396366
304792
254138
245782
276916
341125
429591
532265
639482
743094
836632
915677
978087
1023326
1052019
1065818
1067158
1058804
1043668
1025810
1009489
996874
987856
979191
966608
946971
920088
888064
854583
823760
798335
778959
765285
756131
750182
746614
745310
746713
751660
760620
773132
787784
801818
812052
817097
817891
817596
820232
829002
844652
865657
889248
912724
933465
950263
962781
971348
976660
979588
981104
981746
981868
981735
981529
981241
980730
979851
978354
976076
972952
969126
964898
960527
956436
953009
950664
949712
950352
952553
956211
961113
967158
974200
982150
990977
1000627
1011103
1022549
1035217
1049378
0
9049
35370
77457
132862
198354
270255
344840
418465
487954
550631
604468
648230
681433
704128
716962
721030
717559
708021
693889
676530
657194
637105
617072
598065
580817
565613
552772
542308
534232
528012
523375
520013
517516
515579
514057
512607
511225
509507
507518
505373
503194
501310
499718
498451
497359
496192
494771
492763
490149
487063
483753
480465
477563
475138
473111
471263
469410
467355
464641
461381
457613
453266
448380
443657
439210
435405
432798
431390
431392
432629
434624
436725
438171
438348
437120
434476
430865
427115
423794
421934
422623
426511
434033
445874
461902
482047
505802
532150
560694
589591
617367
643047
665344
682642
693999
698172
694058
680595
656912
622535
577394
522239
458487
388274
314880
241701
172470
111093
60934
24867
5003
2430
17156
48173
93525
150478
215774
285932
357469
427172
492270
550507
600310
640676
671327
692364
704436
708388
705442
696745
683590
667240
648868
629581
610312
592121
575540
560981
548766
538901
531193
525412
521203
518316
516405
515153
514220
513271
512031
510439
508583
506494
504402
502478
500882
499536
498179
496582
494353
491642
488421
484867
481286
477936
474952
472322
469937
467630
465147
462421
459182
455385
451033
446386
441574
436846
432706
429187
426776
425716
425971
427159
428926
430616
431542
431294
429720
426960
423597
420316
417693
416873
418579
423683
432380
445445
462541
483224
507664
0
4116
16056
35440
61433
92935
128731
167439
207527
247489
286005
321678
353535
380684
402782
419500
430980
437577
439744
438124
433378
426067
416827
406175
394482
382141
369446
356691
344209
332233
321045
310816
301857
294508
288781
285072
283214
283189
284708
287494
291001
294655
297946
300455
301669
301264
299153
295356
290129
283925
277191
270431
264124
258739
254469
251605
250125
249974
251162
253352
256344
259770
263448
267009
270284
273118
275446
277313
278684
279796
280780
281849
283190
284924
287089
289757
293045
296897
301523
307008
313356
320736
329167
338638
349033
360224
372037
384151
396219
407802
418342
427285
433979
437768
438023
434173
425812
412634
394529
371499
343830
312023
276767
239064
200081
161080
123447
88681
58180
33149
14692
3614
357
5052
17501
37151
63208
94607
130039
168106
207426
246493
283975
318661
349546
375890
397254
413538
424754
431241
433467
431943
427357
420341
411397
401009
389548
377393
364856
352270
339871
327889
316762
306606
297984
290882
285650
282254
280806
281126
283080
286044
289622
293352
296734
299164
300220
299699
297490
293602
288317
282055
275312
268695
262533
257184
253136
250397
248905
248815
250044
252184
255181
258678
262268
265729
268862
271546
273668
275270
276457
277308
278135
279020
280157
281705
283643
286120
289159
292822
297291
302557
308819
316099
324448
333924
344345
355617
367568
379920
0
1852
7048
15388
26673
40433
56271
73815
92466
111733
131118
150207
168427
185438
200742
214165
225427
234310
240921
245321
247732
248315
247441
245334
242447
239052
235448
231814
228375
225256
222426
219926
217810
216008
214497
213330
212402
211626
210998
210474
210039
209634
209130
208578
207946
206992
205681
204175
202469
200444
198340
196364
194535
192969
191983
191530
191727
192672
194079
195899
197997
200088
202019
203652
204778
205234
205105
204358
203067
201319
199383
197414
195664
194368
193875
194297
195766
198352
201911
206462
211775
217827
224421
231224
238184
245093
251825
258100
263748
268531
272198
274437
274987
273531
269859
263728
254960
243470
229335
212823
193999
173263
151300
128570
105771
83743
63173
44789
29140
16588
7559
2123
336
2124
7346
15692
26834
40462
56034
73240
91572
110527
129661
148519
166505
183294
198541
211873
223055
232039
238762
243306
245849
246570
245763
243777
240932
237595
234019
230464
227024
223897
221081
218679
216620
214879
213417
212321
211536
210915
210487
210159
209894
209593
209235
208658
207843
206767
205398
203726
201811
199816
197721
195719
193930
192497
191437
191029
191166
192021
193482
195310
197445
199645
201584
203096
204045
204271
203882
202830
201136
199126
196958
194766
192908
191619
191200
191647
193214
195916
199616
204300
209732
215818
222304
229206
236166
243095
249856
256211

