1.00
1.59
1.91
2.10
2.21
2.28
2.32
2.33
2.33
2.31
2.28
2.25
2.20
2.15
2.09
2.04
1.98
1.91
1.85
1.80
1.74
1.68
1.63
1.57
1.52
1.47
1.42
1.37
1.33
1.28
1.24
1.21
1.18
1.16
1.15
1.15
1.15
1.16
1.18
1.20
1.21
1.23
1.24
1.25
1.26
1.27
1.27
1.26
1.26
1.25
1.25
1.24
1.23
1.23
1.22
1.22
1.21
1.20
1.20
1.19
1.18
1.18
1.17
1.16
1.16
1.15
1.14
1.13
1.13
1.12
1.12
1.11
1.11
1.11
1.11
1.12
1.13
1.14
1.15
1.17
1.19
1.22
1.25
1.28
1.32
1.36
1.39
1.43
1.46
1.49
1.52
1.53
1.54
1.54
1.53
1.50
1.47
1.41
1.35
1.27
1.18
1.09
0.99
0.88
0.77
0.66
0.56
0.46
0.37
0.29
0.23
0.18
0.16
0.15
0.17
0.20
0.24
0.31
0.38
0.47
0.55
0.64
0.72
0.80
0.86
0.91
0.96
0.99
1.01
1.02
1.03
1.03
1.03
1.02
1.02
1.01
0.99
0.98
0.97
0.95
0.94
0.92
0.90
0.89
0.88
0.88
0.88
0.89
0.90
0.92
0.95
0.97
1.00
1.02
1.04
1.06
1.07
1.09
1.09
1.10
1.10
1.10
1.10
1.10
1.10
1.10
1.10
1.10
1.10
1.10
1.09
1.09
1.09
1.09
1.09
1.08
1.08
1.08
1.07
1.07
1.07
1.07
1.07
1.07
1.07
1.07
1.08
1.08
1.09
1.11
1.13
1.15
1.17
1.20
1.23
1.27
1.31
1.35
1.39
1.00
1.59
1.91
2.10
2.22
2.30
2.34
2.37
2.37
2.36
2.34
2.31
2.27
2.23
2.18
2.12
2.06
2.00
1.94
1.87
1.80
1.73
1.67
1.60
1.54
1.48
1.42
1.37
1.32
1.27
1.23
1.20
1.16
1.13
1.11
1.09
1.07
1.06
1.05
1.04
1.04
1.04
1.03
1.04
1.04
1.04
1.04
1.04
1.04
1.04
1.03
1.03
1.02
1.02
1.01
1.00
0.99
0.99
0.98
0.97
0.97
0.96
0.96
0.95
0.94
0.93
0.92
0.90
0.89
0.88
0.87
0.86
0.86
0.86
0.87
0.89
0.91
0.94
0.97
1.01
1.04
1.08
1.12
1.16
1.19
1.22
1.25
1.28
1.30
1.31
1.32
1.31
1.30
1.28
1.25
1.21
1.15
1.08
1.01
0.92
0.83
0.73
0.62
0.52
0.42
0.32
0.23
0.16
0.09
0.04
0.01
0.00
0.01
0.04
0.09
0.16
0.24
0.34
0.45
0.57
0.69
0.81
0.93
1.05
1.15
1.25
1.33
1.40
1.45
1.49
1.52
1.53
1.53
1.52
1.51
1.48
1.46
1.42
1.39
1.35
1.32
1.28
1.25
1.22
1.19
1.17
1.15
1.13
1.11
1.10
1.09
1.08
1.08
1.07
1.07
1.07
1.07
1.07
1.07
1.07
1.07
1.07
1.06
1.06
1.05
1.04
1.03
1.02
1.02
1.01
1.00
0.99
0.99
0.98
0.98
0.97
0.96
0.95
0.93
0.92
0.91
0.89
0.89
0.88
0.88
0.89
0.90
0.91
0.94
0.97
1.00
1.04
1.08
1.12
1.16
1.19
1.23
1.27
1.30
1.00
1.58
1.90
2.09
2.20
2.28
2.32
2.34
2.35
2.34
2.33
2.31
2.28
2.25
2.22
2.19
2.15
2.11
2.07
2.03
1.98
1.93
1.88
1.82
1.77
1.71
1.65
1.59
1.53
1.48
1.43
1.38
1.33
1.29
1.25
1.22
1.19
1.17
1.15
1.14
1.12
1.11
1.11
1.10
1.10
1.10
1.10
1.10
1.10
1.11
1.11
1.12
1.13
1.13
1.14
1.15
1.16
1.16
1.17
1.18
1.18
1.19
1.19
1.20
1.20
1.21
1.21
1.22
1.22
1.23
1.23
1.24
1.25
1.27
1.28
1.30
1.32
1.34
1.36
1.38
1.40
1.43
1.44
1.46
1.46
1.47
1.46
1.45
1.43
1.40
1.37
1.32
1.27
1.22
1.15
1.08
1.01
0.93
0.84
0.76
0.67
0.58
0.49
0.40
0.32
0.24
0.17
0.11
0.07
0.03
0.01
0.00
0.01
0.03
0.07
0.12
0.19
0.26
0.34
0.43
0.52
0.60
0.69
0.78
0.86
0.95
1.02
1.09
1.15
1.21
1.25
1.29
1.32
1.35
1.36
1.37
1.37
1.36
1.34
1.32
1.29
1.27
1.24
1.21
1.18
1.15
1.12
1.10
1.08
1.06
1.05
1.04
1.03
1.03
1.02
1.02
1.02
1.02
1.03
1.03
1.03
1.04
1.05
1.05
1.06
1.07
1.08
1.09
1.10
1.11
1.12
1.13
1.14
1.14
1.15
1.16
1.16
1.17
1.18
1.18
1.19
1.20
1.21
1.22
1.23
1.25
1.27
1.29
1.32
1.34
1.37
1.40
1.43
1.45
1.48
1.50
1.51
1.52
1.52
1.00
1.58
1.90
2.10
2.23
2.31
2.36
2.39
2.40
2.40
2.39
2.38
2.35
2.32
2.28
2.23
2.19
2.13
2.08
2.02
1.96
1.89
1.83
1.77
1.71
1.64
1.59
1.53
1.48
1.44
1.40
1.37
1.34
1.31
1.29
1.28
1.27
1.26
1.25
1.24
1.23
1.21
1.20
1.19
1.18
1.16
1.15
1.13
1.12
1.10
1.09
1.07
1.05
1.04
1.02
1.01
0.99
0.98
0.96
0.95
0.94
0.93
0.93
0.93
0.93
0.93
0.94
0.96
0.97
0.99
1.02
1.04
1.07
1.10
1.13
1.16
1.19
1.22
1.25
1.28
1.31
1.33
1.36
1.37
1.39
1.40
1.40
1.40
1.38
1.37
1.34
1.31
1.26
1.21
1.15
1.09
1.02
0.94
0.86
0.77
0.68
0.59
0.50
0.42
0.33
0.25
0.18
0.12
0.07
0.04
0.01
0.00
0.01
0.03
0.06
0.11
0.18
0.25
0.34
0.43
0.53
0.63
0.73
0.83
0.93
1.02
1.11
1.18
1.25
1.31
1.35
1.39
1.41
1.43
1.43
1.43
1.42
1.40
1.38
1.36
1.34
1.32
1.30
1.28
1.27
1.25
1.24
1.24
1.23
1.22
1.22
1.21
1.21
1.20
1.19
1.18
1.17
1.16
1.15
1.13
1.12
1.11
1.09
1.08
1.06
1.05
1.03
1.02
1.00
0.98
0.97
0.96
0.94
0.94
0.93
0.92
0.93
0.93
0.94
0.95
0.97
0.99
1.01
1.03
1.06
1.09
1.12
1.16
1.19
1.23
1.26
1.30
1.33
1.36
1.39
1.41
1.44
1.45
1.46
1.00
1.58
1.91
2.11
2.24
2.32
2.38
2.42
2.44
2.45
2.44
2.43
2.40
2.37
2.33
2.29
2.24
2.19
2.13
2.07
2.01
1.94
1.87
1.80
1.73
1.67
1.60
1.53
1.46
1.40
1.34
1.28
1.23
1.18
1.13
1.10
1.06
1.03
1.01
0.99
0.98
0.97
0.97
0.97
0.97
0.98
0.99
1.00
1.02
1.03
1.05
1.07
1.09
1.10
1.12
1.13
1.15
1.16
1.17
1.18
1.18
1.19
1.19
1.20
1.20
1.20
1.20
1.20
1.21
1.21
1.22
1.22
1.23
1.24
1.25
1.25
1.26
1.27
1.28
1.29
1.29
1.30
1.31
1.31
1.31
1.31
1.31
1.30
1.29
1.27
1.25
1.22
1.18
1.13
1.07
1.01
0.94
0.87
0.79
0.70
0.62
0.53
0.45
0.37
0.29
0.22
0.16
0.11
0.06
0.03
0.01
0.00
0.01
0.03
0.06
0.11
0.18
0.25
0.33
0.43
0.53
0.63
0.74
0.85
0.95
1.05
1.14
1.23
1.30
1.36
1.41
1.45
1.48
1.49
1.49
1.49
1.47
1.45
1.42
1.39
1.35
1.31
1.26
1.22
1.18
1.14
1.10
1.07
1.04
1.01
0.99
0.97
0.96
0.95
0.94
0.94
0.94
0.95
0.96
0.97
0.98
0.99
1.01
1.03
1.04
1.06
1.08
1.09
1.11
1.12
1.13
1.14
1.15
1.16
1.17
1.17
1.18
1.18
1.19
1.19
1.20
1.21
1.22
1.23
1.24
1.25
1.26
1.28
1.29
1.30
1.31
1.32
1.33
1.34
1.35
1.36
1.36
1.37
1.37
1.00
1.55
1.88
2.08
2.21
2.30
2.35
2.39
2.40
2.40
2.39
2.37
2.34
2.31
2.27
2.23
2.18
2.13
2.08
2.03
1.98
1.93
1.88
1.84
1.80
1.76
1.72
1.69
1.65
1.62
1.59
1.57
1.54
1.52
1.49
1.47
1.46
1.44
1.42
1.41
1.40
1.39
1.38
1.38
1.37
1.37
1.36
1.36
1.36
1.35
1.35
1.34
1.33
1.33
1.32
1.31
1.30
1.29
1.28
1.27
1.25
1.24
1.22
1.20
1.19
1.17
1.15
1.14
1.12
1.10
1.09
1.08
1.07
1.07
1.07
1.07
1.08
1.09
1.10
1.12
1.14
1.16
1.18
1.20
1.22
1.23
1.24
1.24
1.24
1.23
1.21
1.19
1.15
1.10
1.05
0.98
0.91
0.84
0.76
0.68
0.59
0.51
0.43
0.35
0.28
0.21
0.15
0.10
0.06
0.03
0.01
0.00
0.01
0.03
0.06
0.10
0.16
0.22
0.29
0.37
0.46
0.54
0.63
0.71
0.79
0.87
0.94
1.00
1.06
1.11
1.15
1.18
1.21
1.23
1.25
1.27
1.28
1.29
1.30
1.30
1.30
1.30
1.31
1.30
1.30
1.30
1.30
1.29
1.29
1.29
1.29
1.28
1.28
1.29
1.29
1.29
1.30
1.30
1.31
1.31
1.32
1.32
1.32
1.32
1.32
1.32
1.32
1.32
1.31
1.31
1.30
1.29
1.28
1.27
1.25
1.24
1.22
1.20
1.18
1.16
1.15
1.13
1.12
1.11
1.10
1.09
1.09
1.10
1.11
1.12
1.13
1.15
1.17
1.20
1.22
1.25
1.27
1.29
1.30

