1.00
1.04
1.00
0.96
1.04
1.14
1.00
0.93
1.00
1.07
1.11
1.04
0.96
1.07
0.93
1.00
0.93
1.04
1.04
1.11
1.11
0.96
1.11
1.04
1.18
1.04
1.04
1.11
1.04
0.89
1.11
0.96
1.04
0.89
1.04
1.18
1.04
1.04
1.18
1.07
1.07
1.10
0.97
1.10
1.03
1.03
0.97
1.03
1.03
1.10
1.03
0.97
1.03
1.10
1.10
0.90
1.10
1.03
1.03
0.97
1.10
1.10
1.07
0.93
1.00
1.07
1.03
1.17
1.03
1.07
1.17
1.24
1.03
1.07
1.07
1.24
1.10
1.07
1.28
1.14
1.14
1.03
1.07
1.07
1.07
0.97
1.10
1.03
1.10
0.97
1.03
1.10
1.07
0.93
1.07
1.07
0.93
0.93
0.80
1.07
1.13
1.13
1.03
1.07
1.20
1.23
0.93
1.20
1.27
1.20
1.13
1.10
1.17
1.10
1.10
1.03
1.17
1.10
1.10
1.10
1.13
1.17
1.27
1.50
1.23
1.29
1.32
1.48
1.39
1.42
1.39
1.65
1.71
1.84
2.16
2.22
2.13
2.24
2.36
2.33
2.26
2.50
2.76
2.83
3.09
3.25
3.59
4.14
4.39
4.92
5.38
5.76
6.35
6.60
7.09
7.57
8.02
8.28
8.55
8.58
8.56
8.48
8.12
7.89
7.68
7.43
7.19
7.10
7.03
6.99
7.03
6.94
7.02
6.90
6.88
6.87
6.96
7.25
7.95
9.15
10.56
12.22
13.71
15.01
15.77
16.15
16.14
15.86
15.47
15.00
14.52
14.05
13.70
13.51
13.47
13.64
13.91
14.40
14.84
1.00
1.60
1.92
2.11
2.24
2.32
2.37
2.40
2.41
2.41
2.40
2.37
2.35
2.31
2.27
2.22
2.17
2.12
2.06
2.00
1.94
1.88
1.82
1.76
1.70
1.64
1.58
1.53
1.47
1.42
1.37
1.33
1.29
1.25
1.21
1.18
1.15
1.12
1.10
1.08
1.06
1.05
1.03
1.02
1.01
1.00
0.99
0.99
0.98
0.98
0.98
0.98
0.98
0.98
0.98
0.98
0.98
0.98
0.98
0.98
0.98
0.98
0.98
0.98
0.99
0.99
0.99
0.99
1.00
1.00
1.01
1.02
1.03
1.05
1.06
1.07
1.08
1.09
1.10
1.11
1.12
1.13
1.14
1.15
1.16
1.17
1.18
1.19
1.20
1.20
1.20
1.19
1.18
1.15
1.12
1.08
1.02
0.96
0.88
0.80
0.72
0.63
0.54
0.45
0.36
0.28
0.20
0.14
0.08
0.04
0.01
0.00
0.01
0.03
0.07
0.12
0.19
0.27
0.37
0.47
0.58
0.70
0.81
0.92
1.03
1.13
1.22
1.30
1.37
1.43
1.48
1.52
1.54
1.55
1.56
1.55
1.54
1.52
1.50
1.47
1.44
1.41
1.38
1.35
1.31
1.28
1.25
1.22
1.19
1.17
1.15
1.13
1.11
1.09
1.08
1.06
1.05
1.04
1.03
1.03
1.02
1.01
1.01
1.01
1.01
1.00
1.00
1.00
1.00
1.01
1.01
1.01
1.01
1.01
1.01
1.01
1.01
1.01
1.01
1.01
1.02
1.02
1.03
1.04
1.05
1.07
1.08
1.10
1.11
1.12
1.14
1.15
1.16
1.17
1.18
1.20
1.21
1.22
1.24
1.00
1.59
1.92
2.11
2.23
2.32
2.37
2.40
2.42
2.42
2.42
2.41
2.39
2.37
2.34
2.31
2.28
2.24
2.21
2.17
2.12
2.08
2.03
1.98
1.93
1.88
1.82
1.77
1.71
1.66
1.60
1.55
1.49
1.44
1.39
1.34
1.29
1.25
1.21
1.16
1.13
1.09
1.05
1.02
0.99
0.96
0.93
0.91
0.88
0.86
0.85
0.84
0.83
0.82
0.82
0.83
0.84
0.85
0.86
0.87
0.89
0.91
0.93
0.96
0.98
1.01
1.04
1.07
1.10
1.14
1.17
1.20
1.24
1.27
1.31
1.34
1.37
1.40
1.43
1.45
1.47
1.49
1.50
1.51
1.51
1.50
1.49
1.47
1.44
1.41
1.37
1.32
1.26
1.20
1.13
1.06
0.98
0.90
0.82
0.73
0.64
0.56
0.47
0.39
0.31
0.24
0.17
0.12
0.07
0.03
0.01
0.00
0.00
0.02
0.05
0.09
0.14
0.21
0.28
0.36
0.45
0.54
0.63
0.73
0.82
0.92
1.01
1.09
1.17
1.25
1.31
1.37
1.43
1.47
1.50
1.53
1.55
1.56
1.56
1.55
1.54
1.52
1.50
1.47
1.44
1.40
1.37
1.33
1.29
1.26
1.22
1.18
1.15
1.11
1.08
1.04
1.01
0.98
0.95
0.92
0.89
0.87
0.85
0.84
0.83
0.82
0.82
0.82
0.82
0.83
0.84
0.85
0.87
0.89
0.91
0.93
0.95
0.98
1.01
1.04
1.07
1.10
1.14
1.17
1.21
1.25
1.28
1.32
1.36
1.39
1.43
1.46
1.49
1.51
1.53
1.54
1.55
1.55
1.54
1.00
1.59
1.92
2.12
2.25
2.34
2.40
2.44
2.47
2.48
2.48
2.47
2.46
2.44
2.42
2.39
2.35
2.31
2.27
2.23
2.18
2.13
2.07
2.02
1.96
1.90
1.84
1.78
1.72
1.65
1.59
1.53
1.46
1.40
1.34
1.28
1.22
1.17
1.11
1.06
1.02
0.98
0.94
0.91
0.88
0.85
0.83
0.81
0.80
0.79
0.79
0.79
0.79
0.80
0.81
0.82
0.84
0.86
0.88
0.90
0.92
0.95
0.97
0.99
1.02
1.04
1.06
1.09
1.11
1.13
1.16
1.18
1.20
1.22
1.25
1.27
1.29
1.31
1.32
1.34
1.35
1.35
1.36
1.36
1.35
1.34
1.33
1.31
1.28
1.25
1.21
1.17
1.12
1.06
1.00
0.94
0.87
0.80
0.73
0.65
0.58
0.50
0.42
0.35
0.28
0.22
0.16
0.11
0.07
0.03
0.01
0.00
0.00
0.02
0.05
0.09
0.14
0.20
0.28
0.37
0.46
0.56
0.66
0.77
0.88
0.98
1.09
1.19
1.28
1.36
1.44
1.51
1.57
1.61
1.65
1.67
1.69
1.69
1.69
1.68
1.66
1.63
1.59
1.55
1.51
1.46
1.40
1.35
1.30
1.24
1.19
1.14
1.09
1.04
1.00
0.96
0.93
0.90
0.87
0.85
0.83
0.82
0.81
0.80
0.80
0.81
0.81
0.82
0.84
0.85
0.87
0.89
0.92
0.94
0.96
0.99
1.01
1.03
1.06
1.08
1.11
1.13
1.16
1.18
1.21
1.23
1.26
1.28
1.31
1.33
1.35
1.37
1.39
1.40
1.41
1.41
1.41
1.41
1.40
1.00
1.59
1.92
2.12
2.25
2.34
2.40
2.44
2.47
2.48
2.48
2.48
2.47
2.45
2.43
2.41
2.38
2.35
2.31
2.28
2.24
2.20
2.16
2.12
2.08
2.04
1.99
1.95
1.90
1.85
1.80
1.75
1.70
1.64
1.59
1.54
1.49
1.44
1.39
1.34
1.29
1.25
1.20
1.16
1.12
1.08
1.05
1.02
0.99
0.96
0.93
0.91
0.89
0.88
0.86
0.85
0.84
0.84
0.84
0.84
0.84
0.85
0.86
0.87
0.89
0.91
0.93
0.95
0.98
1.01
1.04
1.07
1.10
1.13
1.16
1.19
1.21
1.24
1.27
1.29
1.30
1.32
1.33
1.33
1.33
1.32
1.31
1.29
1.26
1.22
1.18
1.14
1.08
1.03
0.96
0.90
0.83
0.75
0.68
0.60
0.53
0.45
0.38
0.31
0.25
0.19
0.14
0.10
0.06
0.03
0.01
0.00
0.00
0.01
0.04
0.07
0.11
0.17
0.23
0.30
0.38
0.47
0.56
0.65
0.74
0.83
0.93
1.02
1.10
1.18
1.26
1.33
1.40
1.45
1.51
1.55
1.59
1.62
1.64
1.65
1.66
1.66
1.66
1.65
1.63
1.61
1.58
1.55
1.51
1.48
1.44
1.40
1.35
1.31
1.27
1.23
1.19
1.15
1.12
1.08
1.05
1.02
0.99
0.96
0.94
0.92
0.90
0.89
0.87
0.87
0.86
0.86
0.86
0.86
0.87
0.88
0.90
0.91
0.93
0.96
0.98
1.01
1.04
1.07
1.10
1.14
1.17
1.20
1.23
1.27
1.30
1.32
1.35
1.37
1.38
1.39
1.39
1.39
1.38
1.00
1.59
1.91
2.10
2.23
2.32
2.37
2.41
2.43
2.44
2.44
2.43
2.42
2.40
2.37
2.34
2.30
2.26
2.22
2.18
2.13
2.08
2.03
1.98
1.93
1.88
1.83
1.78
1.73
1.68
1.63
1.59
1.54
1.50
1.46
1.41
1.38
1.34
1.30
1.27
1.24
1.22
1.19
1.17
1.15
1.14
1.12
1.11
1.11
1.10
1.10
1.09
1.09
1.09
1.09
1.09
1.10
1.10
1.11
1.11
1.12
1.13
1.14
1.16
1.17
1.19
1.21
1.23
1.25
1.27
1.29
1.31
1.33
1.35
1.37
1.39
1.41
1.42
1.44
1.45
1.45
1.46
1.46
1.45
1.44
1.43
1.41
1.38
1.35
1.31
1.27
1.22
1.16
1.10
1.03
0.96
0.89
0.81
0.73
0.65
0.57
0.49
0.41
0.34
0.27
0.21
0.15
0.10
0.06
0.03
0.01
0.00
0.00
0.02
0.04
0.08
0.12
0.18
0.24
0.31
0.39
0.47
0.55
0.64
0.72
0.81
0.89
0.97
1.04
1.11
1.17
1.22
1.27
1.31
1.34
1.36
1.38
1.39
1.40
1.40
1.40
1.39
1.38
1.36
1.34
1.32
1.30
1.28
1.26
1.23
1.21
1.19
1.17
1.15
1.13
1.12
1.10
1.09
1.08
1.07
1.07
1.06
1.06
1.06
1.06
1.06
1.06
1.06
1.07
1.07
1.07
1.08
1.09
1.10
1.11
1.12
1.14
1.16
1.18
1.20
1.22
1.24
1.27
1.29
1.32
1.34
1.36
1.39
1.41
1.43
1.45
1.47
1.49
1.50
1.50
1.51
1.51
1.50
1.49
1.00
1.58
1.91
2.13
2.26
2.36
2.42
2.47
2.50
2.52
2.53
2.53
2.52
2.50
2.48
2.45
2.42
2.38
2.34
2.29
2.24
2.19
2.14
2.09
2.03
1.98
1.92
1.86
1.81
1.76
1.70
1.65
1.60
1.56
1.51
1.47
1.43
1.39
1.36
1.33
1.30
1.28
1.26
1.24
1.23
1.22
1.20
1.20
1.19
1.18
1.18
1.17
1.17
1.17
1.16
1.16
1.16
1.15
1.15
1.14
1.14
1.13
1.13
1.12
1.12
1.11
1.11
1.11
1.10
1.10
1.10
1.10
1.10
1.10
1.10
1.10
1.10
1.09
1.09
1.09
1.09
1.08
1.08
1.07
1.06
1.05
1.03
1.01
0.99
0.96
0.93
0.90
0.86
0.82
0.77
0.72
0.67
0.61
0.55
0.49
0.44
0.38
0.32
0.26
0.21
0.16
0.12
0.08
0.05
0.03
0.01
0.00
0.00
0.02
0.04
0.07
0.11
0.17
0.23
0.30
0.38
0.46
0.56
0.65
0.75
0.85
0.94
1.03
1.12
1.20
1.28
1.34
1.40
1.45
1.49
1.52
1.55
1.56
1.57
1.57
1.57
1.56
1.55
1.53
1.51
1.49
1.46
1.44
1.42
1.39
1.37
1.35
1.33
1.31
1.30
1.28
1.27
1.26
1.25
1.25
1.24
1.24
1.23
1.23
1.23
1.23
1.23
1.22
1.22
1.22
1.21
1.21
1.20
1.20
1.19
1.19
1.18
1.18
1.17
1.17
1.17
1.16
1.16
1.16
1.16
1.16
1.16
1.15
1.15
1.15
1.15
1.15
1.15
1.14
1.14
1.13
1.12
1.11
1.09

