1.00
1.07
1.00
0.97
1.03
1.07
0.90
0.79
1.14
1.10
1.10
1.17
1.07
1.07
0.93
1.03
1.10
1.10
1.23
1.19
1.06
1.03
0.90
1.10
1.03
1.10
1.23
1.03
1.03
1.03
1.03
0.97
1.03
1.10
1.03
0.97
1.03
1.03
1.00
1.06
1.13
1.19
1.06
1.00
1.10
1.10
1.06
1.09
1.06
1.06
1.06
0.94
1.03
1.03
1.06
1.03
1.00
0.97
1.06
0.94
1.03
1.03
1.03
1.00
1.00
0.97
0.94
1.00
1.09
1.12
1.12
1.19
1.19
1.12
1.12
1.00
1.12
1.19
1.12
1.19
1.12
1.06
1.00
1.00
1.12
1.12
1.00
1.12
1.00
1.06
0.81
0.94
1.12
1.16
0.97
1.06
1.00
1.12
0.69
1.06
1.19
1.06
1.09
1.09
1.09
1.06
0.91
1.28
1.24
1.06
1.18
1.18
1.12
1.03
0.97
1.21
1.21
1.15
1.18
1.24
1.24
1.24
1.27
1.21
1.30
1.33
1.24
1.33
1.38
1.41
1.44
1.53
1.62
1.62
1.44
1.47
1.43
1.40
1.49
1.37
1.51
1.60
1.46
1.49
1.58
1.58
1.61
1.67
1.64
1.67
1.53
1.73
1.76
1.76
1.89
1.89
2.03
1.79
1.76
1.89
1.97
1.79
1.74
1.90
1.92
1.82
1.77
1.88
1.88
1.90
1.95
2.05
2.17
2.51
3.00
3.69
4.79
5.71
6.87
8.27
9.86
10.91
11.16
11.98
12.86
13.99
15.20
16.60
18.36
21.11
23.77
25.13
25.97
28.23
32.11
36.53
39.49
40.58
41.12
1.00
1.59
1.88
2.03
2.10
2.11
2.09
2.05
1.99
1.93
1.87
1.80
1.74
1.67
1.62
1.56
1.52
1.48
1.44
1.41
1.37
1.34
1.30
1.25
1.21
1.17
1.13
1.10
1.07
1.06
1.05
1.04
1.04
1.04
1.04
1.05
1.06
1.08
1.10
1.12
1.15
1.17
1.19
1.20
1.21
1.21
1.21
1.19
1.16
1.12
1.07
1.01
0.93
0.83
0.71
0.58
0.44
0.30
0.17
0.07
0.01
0.01
0.05
0.15
0.29
0.45
0.62
0.78
0.93
1.05
1.16
1.24
1.29
1.34
1.36
1.37
1.38
1.38
1.38
1.37
1.37
1.35
1.34
1.31
1.29
1.25
1.21
1.18
1.14
1.12
1.10
1.08
1.07
1.07
1.07
1.07
1.07
1.08
1.09
1.11
1.14
1.16
1.19
1.21
1.24
1.25
1.26
1.26
1.25
1.23
1.20
1.16
1.10
1.02
0.93
0.82
0.69
0.55
0.40
0.25
0.13
0.04
0.00
0.02
0.08
0.19
0.33
0.49
0.65
0.81
0.94
1.06
1.15
1.22
1.28
1.31
1.34
1.35
1.36
1.36
1.36
1.36
1.35
1.34
1.32
1.30
1.27
1.24
1.20
1.17
1.14
1.11
1.09
1.08
1.08
1.07
1.07
1.07
1.08
1.09
1.11
1.13
1.16
1.18
1.21
1.23
1.25
1.27
1.27
1.27
1.25
1.23
1.19
1.14
1.08
1.00
0.90
0.78
0.64
0.49
0.34
0.20
0.09
0.02
0.00
0.04
0.12
0.24
0.39
0.54
0.70
0.84
0.97
1.07
1.16
1.22
1.27
1.30
1.32
1.00
1.59
1.89
2.05
2.13
2.16
2.15
2.12
2.07
2.02
1.95
1.89
1.83
1.77
1.71
1.67
1.62
1.58
1.54
1.50
1.44
1.39
1.33
1.27
1.21
1.15
1.10
1.05
1.02
1.00
0.99
0.98
0.98
1.00
1.02
1.04
1.08
1.11
1.15
1.18
1.20
1.23
1.24
1.25
1.24
1.23
1.22
1.19
1.15
1.10
1.04
0.96
0.87
0.76
0.64
0.51
0.38
0.25
0.14
0.06
0.01
0.01
0.05
0.13
0.26
0.40
0.56
0.73
0.88
1.01
1.13
1.22
1.30
1.35
1.39
1.42
1.43
1.45
1.46
1.46
1.45
1.43
1.40
1.36
1.32
1.27
1.21
1.16
1.11
1.07
1.04
1.02
1.01
1.01
1.01
1.03
1.06
1.09
1.13
1.17
1.20
1.24
1.27
1.29
1.30
1.31
1.31
1.30
1.28
1.24
1.20
1.15
1.08
0.99
0.88
0.76
0.63
0.49
0.35
0.22
0.11
0.04
0.00
0.02
0.07
0.17
0.30
0.45
0.60
0.75
0.90
1.02
1.13
1.21
1.28
1.33
1.37
1.39
1.41
1.43
1.44
1.44
1.43
1.41
1.38
1.34
1.29
1.24
1.18
1.13
1.09
1.05
1.02
1.01
1.00
1.00
1.02
1.04
1.07
1.10
1.14
1.18
1.22
1.25
1.28
1.30
1.31
1.32
1.31
1.30
1.28
1.24
1.19
1.13
1.05
0.96
0.85
0.72
0.58
0.44
0.30
0.18
0.08
0.02
0.00
0.03
0.10
0.21
0.35
0.50
0.65
0.79
0.93
1.05
1.14
1.22
1.28
1.33
1.36
1.00
1.58
1.89
2.06
2.15
2.19
2.19
2.17
2.13
2.08
2.02
1.96
1.90
1.84
1.78
1.72
1.67
1.62
1.57
1.51
1.46
1.39
1.33
1.26
1.19
1.12
1.05
1.00
0.95
0.92
0.91
0.91
0.92
0.95
0.98
1.02
1.07
1.11
1.16
1.20
1.24
1.26
1.28
1.29
1.29
1.28
1.26
1.22
1.18
1.12
1.05
0.97
0.86
0.75
0.62
0.49
0.36
0.24
0.13
0.06
0.01
0.01
0.04
0.12
0.24
0.37
0.53
0.69
0.84
0.99
1.11
1.22
1.30
1.36
1.41
1.44
1.47
1.48
1.49
1.48
1.47
1.45
1.42
1.37
1.32
1.26
1.19
1.12
1.06
1.01
0.97
0.95
0.94
0.94
0.96
0.99
1.03
1.07
1.12
1.18
1.23
1.27
1.31
1.34
1.36
1.37
1.36
1.35
1.33
1.29
1.24
1.17
1.09
0.99
0.87
0.74
0.61
0.46
0.33
0.20
0.10
0.04
0.01
0.02
0.07
0.16
0.28
0.42
0.57
0.73
0.87
1.00
1.12
1.22
1.29
1.35
1.40
1.43
1.45
1.47
1.47
1.47
1.46
1.43
1.40
1.36
1.30
1.24
1.17
1.11
1.05
0.99
0.96
0.94
0.93
0.94
0.96
1.00
1.04
1.09
1.14
1.20
1.25
1.29
1.33
1.36
1.38
1.38
1.38
1.36
1.33
1.29
1.24
1.17
1.08
0.97
0.85
0.71
0.57
0.42
0.29
0.17
0.08
0.02
0.01
0.03
0.10
0.20
0.33
0.47
0.62
0.77
0.91
1.03
1.14
1.23
1.30
1.35
1.39
1.00
1.57
1.88
2.05
2.14
2.18
2.18
2.15
2.11
2.06
2.00
1.94
1.87
1.81
1.74
1.67
1.60
1.53
1.45
1.37
1.29
1.21
1.13
1.05
0.98
0.91
0.86
0.82
0.79
0.78
0.79
0.81
0.85
0.90
0.96
1.02
1.09
1.16
1.22
1.28
1.34
1.38
1.43
1.46
1.48
1.49
1.48
1.45
1.40
1.33
1.23
1.12
0.99
0.85
0.70
0.55
0.40
0.26
0.15
0.06
0.01
0.01
0.05
0.13
0.26
0.41
0.57
0.74
0.91
1.06
1.19
1.30
1.38
1.45
1.50
1.52
1.53
1.53
1.51
1.47
1.42
1.36
1.29
1.22
1.13
1.05
0.98
0.91
0.85
0.81
0.78
0.78
0.79
0.82
0.86
0.91
0.97
1.03
1.10
1.17
1.23
1.30
1.35
1.41
1.45
1.49
1.52
1.53
1.52
1.49
1.44
1.36
1.26
1.14
0.99
0.84
0.68
0.51
0.36
0.22
0.12
0.04
0.01
0.02
0.08
0.17
0.30
0.45
0.62
0.78
0.94
1.08
1.21
1.31
1.39
1.46
1.50
1.53
1.54
1.53
1.50
1.46
1.41
1.34
1.27
1.19
1.11
1.03
0.95
0.89
0.83
0.79
0.77
0.77
0.79
0.82
0.86
0.92
0.98
1.05
1.12
1.19
1.26
1.32
1.38
1.43
1.48
1.51
1.54
1.54
1.53
1.49
1.43
1.35
1.24
1.10
0.96
0.79
0.63
0.47
0.32
0.19
0.09
0.03
0.01
0.04
0.11
0.22
0.35
0.51
0.67
0.84
0.99
1.12
1.24
1.33
1.41
1.47
1.51
1.00
1.56
1.86
2.04
2.14
2.19
2.21
2.20
2.17
2.14
2.09
2.04
1.99
1.94
1.88
1.81
1.74
1.66
1.58
1.49
1.40
1.31
1.22
1.13
1.05
0.97
0.90
0.84
0.79
0.76
0.74
0.75
0.78
0.83
0.89
0.96
1.04
1.11
1.18
1.25
1.30
1.35
1.38
1.39
1.39
1.37
1.34
1.29
1.23
1.16
1.07
0.98
0.86
0.74
0.61
0.48
0.35
0.23
0.13
0.06
0.01
0.01
0.04
0.12
0.23
0.36
0.52
0.68
0.85
1.00
1.15
1.28
1.39
1.49
1.56
1.62
1.65
1.66
1.66
1.63
1.58
1.51
1.44
1.36
1.27
1.18
1.09
1.01
0.93
0.86
0.81
0.77
0.76
0.77
0.80
0.85
0.91
0.99
1.06
1.14
1.21
1.28
1.33
1.38
1.41
1.42
1.42
1.41
1.37
1.32
1.26
1.18
1.08
0.97
0.85
0.72
0.58
0.44
0.31
0.20
0.10
0.04
0.01
0.02
0.07
0.16
0.27
0.41
0.56
0.72
0.88
1.03
1.16
1.29
1.39
1.49
1.56
1.61
1.64
1.65
1.64
1.61
1.56
1.49
1.42
1.33
1.24
1.15
1.06
0.98
0.90
0.84
0.79
0.76
0.76
0.77
0.81
0.87
0.93
1.01
1.09
1.17
1.24
1.30
1.36
1.40
1.42
1.43
1.43
1.41
1.37
1.31
1.24
1.15
1.05
0.94
0.81
0.67
0.53
0.39
0.27
0.16
0.08
0.03
0.01
0.04
0.10
0.20
0.32
0.46
0.62
0.77
0.92
1.07
1.20
1.31
1.42
1.50
1.57

